000000000
000000000
000000000
000000000
000000000
000000000
000000000
000000000
000000002


000700000
100000000
000430200
000000006
000509000
000000418
000081000
002000050
040000300




679000000
528000000
314000000
000251000
000497000
000863000
000000549
000000186
000000372










200000000
107400003
300200050
005020000
060100400
002007000
000003008
800600200
040800031

050760009
020000000
007900500
010002000
600001007
870500003
000300040
400050800
000000006





















005000084
040800250
000500603
300004090
690007000
000000045
000400070
080700020
003000500







900870004
050049760
003200810
000008000
005100097
010000000
040900678
500407030
100000200




007010005
000200000
501984070
400030701
018705690
750000000
962078010
005409300
304061809















