185423697
693157248
742896135
219368754
367541829
458279361
521734986
836915472
974682513


439152678
278346519
165798234
341627985
582931746
697485123
826574391
713869452
954213867


627314895
831569724
594782361
259147683
183256947
476938512
748623159
912875436
365491278


356127489
784539126
192468753
243786591
619254837
578391642
465972318
937815264
821643975


741263859
952148637
638795142
125634798
874951263
369872415
513427986
286519374
497386521


415237869
982561473
367849125
149372586
678195342
253486791
526718934
831924657
794653218


934128657
876453192
512679348
125987436
483261975
697345281
741896523
268534719
359712864


538124796
179638524
264597183
316782945
857469312
492351678
743815269
985276431
621943857


297143568
386257491
145869273
418592736
573684912
962731854
621475389
734918625
859326147


462135789
578429316
139876245
346251897
295387461
781694532
617548923
924713658
853962174


137426859
546198273
892357416
261985734
475231968
389674521
928513647
653749182
714862395


985123674
672459813
413786529
149238765
236547981
758691432
391864257
567912348
824375196


451326789
237189546
869457132
124893675
983675421
675241398
348512967
716938254
592764813


789125436
135467982
426938517
214783695
357296841
698514273
943651728
862379154
571842369


216534978
497182356
835796214
189267435
362459187
754318692
923675841
671843529
548921763


579124386
281365947
463897125
157482693
324659871
896713254
932546718
615978432
748231569


587123469
963457128
241869735
176348952
429675381
358291647
692514873
815736294
734982516


317245689
568197234
294638175
472819356
135762498
689453712
846571923
921384567
753926841


561234789
839157426
427896513
176428935
948513672
352769841
793682154
285941367
614375298


643152798
825793164
719846523
238615947
597428631
164379852
482561379
951237486
376984215


593162487
412783569
786549123
137426895
958317246
264958731
821695374
349871652
675234918


912364587
765218349
483597216
346159728
258746193
197832654
829675431
571483962
634921875


456213789
172498563
389576214
218934675
637125498
594867132
765349821
941682357
823751946


283417659
956283147
741596283
128764395
469135872
375829416
892671534
634958721
517342968


813245679
245796183
769138254
126483795
537629418
984517362
371852946
452961837
698374521


487213695
392465718
156879423
648732951
239156874
571984236
714328569
863597142
925641387


726314589
815629347
934785261
357196824
481572693
692438715
178963452
243851976
569247138


128349567
639571248
745628391
213495786
574286913
896137425
961752834
387964152
452813679


769213485
241568379
835497126
174682953
356974812
928135647
617829534
493751268
582346791


168234579
534179268
297586134
345961782
681752943
972348651
723415896
416897325
859623417


825136497
437298561
169457283
296315748
371824659
548769312
652971834
714583926
983642175


216345789
578192364
493687152
135469278
624758913
789213645
842971536
967534821
351826497


269143785
483257196
715869342
147632859
396581427
528974631
934715268
651328974
872496513


645127893
791348625
283695417
427851936
138962754
956473182
812736549
364519278
579284361


327415869
945683127
681297453
569124378
132978546
478536291
216859734
754361982
893742615


675312849
231489675
984567123
159276438
768943251
342158967
816734592
527691384
493825716


549132768
283476159
671859342
326518497
194627835
758394216
862941573
915783624
437265981


157236948
269418573
843975162
475329681
318657294
926184735
784591326
592863417
631742859


396142587
278365194
451879236
139624875
682751943
547938612
865413729
923587461
714296358


375124689
926358471
814697532
537812946
462975318
189436725
791583264
653241897
248769153


268135794
395427618
471689253
146253987
759816342
823794561
637548129
582971436
914362875


357214689
419683527
826759134
192367458
563148792
748592361
231976845
674825913
985431276


451238769
289476135
763915428
392147856
176583942
548692317
935864271
614729583
827351694


317524689
528196473
649378152
162459738
983217546
754863291
236945817
491782365
875631924


793142568
684537129
215869743
146325987
829471635
357698412
462953871
971286354
538714296


197243586
652178394
384695712
568432971
719856423
423719865
875361249
946527138
231984657


513264978
942378651
867519243
159632487
376845129
284197365
438956712
795421836
621783594


785216493
163459287
924387561
278163945
349572618
516894732
457631829
832945176
691728354


139245687
658713294
274698135
346952871
712384569
895167423
987421356
423576918
561839742


718243569
425691738
963758412
189532647
236479851
547816923
692385174
854127396
371964285


857214396
396587142
421639578
639152784
278463951
514798263
762345819
943871625
185926437


251364879
789512346
643879251
364198527
528736194
917245683
896453712
132987465
475621938


734215869
216398475
985467123
143782956
527649381
698153742
361824597
479536218
852971634


358142679
972356418
641987235
289435761
137629854
465871923
596214387
814763592
723598146


954123786
238576149
176849235
425397861
719468523
683251974
397685412
841932657
562714398


926134578
348527169
751689423
269741835
187365942
435298617
512876394
693452781
874913256


678213459
314569278
529487361
156328947
293746815
487195632
831974526
765832194
942651783


562143789
198267453
374598216
213654978
759832641
486719532
841976325
927385164
635421897


623415789
589237461
471698235
146752893
295183647
837946512
368579124
712364958
954821376


294153768
735286419
816794253
352871946
147569382
689432175
561927834
978345621
423618597


263147598
915238647
847659231
356892174
728461953
194375862
689713425
472586319
531924786


543126897
981473256
726598143
172349685
354867921
698215374
235781469
819654732
467932518


971234658
638195274
452687913
163458729
749362185
825971346
384719562
216543897
597826431


613245879
947168532
582379146
235417698
168932457
479586321
754691283
396824715
821753964


173245698
965187234
842936517
586324971
237519486
419678325
794853162
628491753
351762849


429135768
367248591
158796234
583614927
794582613
612379845
876421359
231957486
945863172


814325796
963417528
752698413
126584937
579163842
438279165
641852379
295731684
387946251


241357698
598162734
736489125
153276849
629841573
487935216
315624987
862793451
974518362


237145689
691328574
548679123
725493816
386517942
419286735
863752491
954831267
172964358


326415879
915287364
748639125
254176983
169358247
837942651
693524718
472891536
581763492


568132794
912467358
734589216
256841973
481973562
379625841
123756489
645398127
897214635


437125968
582369417
196847253
213796584
658412379
749538126
971283645
864951732
325674891


375126894
124893756
896475132
517248963
239657481
468319275
981532647
652784319
743961528


843126597
179354268
265897431
314289756
687435912
592761843
756918324
421573689
938642175


123456879
459781236
876239541
247395618
591678423
368142957
935814762
614927385
782563194


314256879
867193245
592487136
178639524
239548617
456712398
981375462
645921783
723864951


736142859
418935267
592867341
249581673
857693124
361724985
185376492
974218536
623459718


792143658
516782394
348659217
239514876
467938521
185267439
671825943
823491765
954376182


659123487
841657329
732498561
126574893
475839612
398261745
264315978
983742156
517986234


146237859
725489316
983561247
267143985
394825761
518796432
659374128
472618593
831952674


138245679
792186345
645379281
214867953
869531427
357924816
573498162
421653798
986712534


189324567
546178239
732596418
214753896
358649721
967281345
891435672
425967183
673812954


923146587
761528493
854739216
386217945
147965832
295384761
512493678
478651329
639872154


238154697
916237458
754968123
327845961
685391274
491672385
843529716
162783549
579416832


325147698
918265347
764398125
152476983
687923451
493581762
549732816
831654279
276819534


879143256
243567891
165298437
327416985
984735162
651829743
492651378
716384529
538972614


739124685
521386479
468759312
153478296
286591734
947632851
694813527
872945163
315267948


941236587
358147296
726958134
475381962
182769453
693425871
219573648
834692715
567814329


348215796
961387245
752649318
536428971
297153864
184796532
419832657
625974183
873561429


981234567
367185294
425769138
279853641
143627985
658491723
832516479
716948352
594372816


819324657
647815239
235679184
428163975
153297468
796548321
584932716
962751843
371486592


328154769
614792835
579368142
481273956
293615487
756849213
842537691
137986524
965421378


427136859
568429137
193578246
275894613
389261574
614357928
832645791
746912385
951783462


523164798
689257134
714389256
236541987
478936521
951728643
192873465
845612379
367495812


675312894
194587623
328469571
247153986
819246735
536978412
963824157
752691348
481735269


347128659
981563247
652497138
124789365
736215894
598346712
265971483
419832576
873654921


813264795
524793168
679518243
237159486
456382971
198647532
745826319
981435627
362971854


256143897
483279156
719856324
125937468
347628915
698514273
831762549
564391782
972485631


321465879
648197352
759238416
235614987
497853621
186972543
873529164
914786235
562341798


198243675
465719238
732586194
243698751
586172943
917435862
359861427
824957316
671324589


813245679
472396158
965781234
136428795
254967813
798513426
381652947
529874361
647139582


769132845
385746129
124895376
248613957
937528614
516479283
473261598
891357462
652984731


159328647
486175923
273469158
614783592
527941836
398256714
835694271
942817365
761532489


652134789
981257346
473869125
136592874
247618953
598743612
314975268
869421537
725386491


925316748
876249351
341578296
138794562
264185937
597632184
619423875
753861429
482957613


186234579
275189463
934657182
312948657
568712934
749563821
623495718
457821396
891376245


169234587
823576419
745189236
278913645
436825791
591647823
682791354
317452968
954368172


856142397
341579628
927368415
185427963
463915872
279836541
792683154
634251789
518794236


613245897
825379164
794618235
152794683
478163952
369852471
286437519
547981326
931526748


465123798
832794156
197568324
356419287
241837965
789652413
613975842
524381679
978246531


791253648
368471259
524698137
139526874
246837915
857149362
673984521
912765483
485312796


796123485
524786193
183945726
248517369
615392847
379468512
932854671
467231958
851679234


452136789
319287456
678459312
836725194
195348267
247691538
563872941
784913625
921564873


967213584
253784196
814569273
325178649
176492835
489356712
632847951
548921367
791635428


861325749
579418236
234679158
627153984
158294673
943786521
782941365
416532897
395867412


596217384
243589671
871634295
159842736
367195842
482763519
924376158
715428963
638951427


176243859
843159267
259687134
365972418
718436925
492815673
987561342
521394786
634728591


146253789
987416253
325789416
234875961
718962345
569134872
652348197
873691524
491527638


691234785
824175396
573689214
145396872
387412659
269857431
458963127
736521948
912748563


691247538
274358169
385619247
568924713
423176895
719835624
142783956
836591472
957462381


741235896
352869174
689147253
293651487
174928365
568374912
925486731
837512649
416793528


436127598
182359674
759684123
243718965
618495732
597263481
925871346
874536219
361942857


239415768
761328459
845679231
458196327
316247985
927853146
574962813
682731594
193584672


578213649
943675218
621849375
157496832
264538791
389127564
812364957
496752183
735981426


327415698
194286375
568379241
413928567
289567413
756143982
971652834
642831759
835794126


875312496
612594378
943678215
158736942
364289751
729145683
291453867
586927134
437861529


491325768
627418359
835679124
182546937
746293815
953187246
519762483
268934571
374851692


692135847
514678293
783492516
135726984
478319652
269854371
346981725
821567439
957243168


814325697
962471538
537698214
258147963
346289751
791563842
473952186
185736429
629814375


926317485
183452679
547698231
231764598
654983127
798125364
812576943
369841752
475239816


864125379
157369428
392487516
216948735
478653192
935271684
683794251
541832967
729516843


513264789
964178325
287359146
326517894
178946532
495823617
751482963
632791458
849635271


326154789
184279365
795368124
469823517
213597648
578641932
641985273
937412856
852736491


579213468
864597231
213864597
497325816
628179354
351648729
735986142
982431675
146752983


279314658
486259173
351678924
562183749
943567812
718942536
135496287
627831495
894725361


524163897
679248153
183579246
417632985
258917364
396485712
961324578
735896421
842751639


394126578
715348629
268597143
536271984
182934756
479685312
851463297
943712865
627859431


265143879
719582346
834679125
127458963
346917582
598236417
652891734
483725691
971364258


674123859
213895647
958647231
135489726
762531498
849762315
386954172
491276583
527318964


148352679
657194382
293678415
384715926
512946837
769283541
931867254
875429163
426531798


372415869
861293547
954687132
123546978
547938621
689172354
238751496
416329785
795864213


914235687
682147359
753869142
126783594
835914276
479652813
367598421
248371965
591426738


842135769
596247138
317896245
173482956
264579813
985613427
729351684
451968372
638724591


563124789
892357416
147698253
234586971
758419632
619732548
486973125
371265894
925841367


175423869
482569173
936871245
258346791
314297586
697158432
861735924
529684317
743912658


961325478
843617295
725489136
132954867
478163529
596278314
287536941
354791682
619842753


871423956
324569781
956718234
142376895
689245317
537981462
418697523
763852149
295134678


671234859
423589167
598167243
756392418
342816795
189745326
215678934
834951672
967423581


765123489
294658137
138497562
349271856
817569324
526834791
671985243
482316975
953742618


416325789
579481236
283796154
135267948
648139572
792548613
921853467
854672391
367914825


942513768
376428159
851697243
587146392
139275486
264389571
498731625
715962834
623854917


735142698
284569137
196738425
312875964
859624713
467391582
971253846
528416379
643987251


753142689
816359724
429678135
594821367
132796548
678435912
367984251
281567493
945213876


874126395
196354278
325798416
237945681
468271539
519683724
941532867
682417953
753869142


954213678
862457319
731698425
145769832
286534791
379182546
513976284
628341957
497825163


296314857
784695132
351827496
425173689
619582374
837469215
143756928
978241563
562938741


528147639
631298547
947365128
174839256
852476913
396521784
715984362
463712895
289653471


284137596
135269478
976548123
452783961
361925784
798416352
819654237
523871649
647392815


458312679
971456328
263789514
395274861
612938457
847165932
729543186
584621793
136897245


529314678
314687529
876295341
152748936
698132457
437956812
745829163
281463795
963571284


587132694
962457183
314689725
123945867
498726351
756813942
631594278
849271536
275368419


936142758
587639124
142578396
318957642
425816937
679324815
264791583
793285461
851463279


342516798
567398142
891472635
158243976
629157483
473689251
985761324
214935867
736824519


576123849
132849675
894567123
217436958
485971362
369285714
721358496
648792531
953614287


238146597
796253418
154789362
375691824
412875639
689432751
527964183
943518276
861327945


416253789
395178264
872469153
237681495
561934827
948527316
684315972
759842631
123796548


638214957
921573486
457698123
263149875
784325619
195867342
312456798
576981234
849732561


241357698
863419275
957628134
475186923
132974586
689235741
794861352
318592467
526743819


487125639
123469587
695738142
214583796
569274813
378691254
731952468
846317925
952846371


759213846
431687295
286459173
143765928
572948361
968132754
395824617
624371589
817596432


985214376
146375298
273689154
517493862
364827519
829156743
691538427
732941685
458762931


651234879
932187465
748596321
264871593
879325146
315649287
527918634
193462758
486753912


295134678
783526419
164798253
326451987
879263541
451879362
542987136
617342895
938615724


265138479
937245816
184679235
346721958
729584361
851963724
693412587
572896143
418357692


415273689
892516374
637894215
159438726
286759431
743162598
974385162
561927843
328641957


871235469
295461387
643789152
137854926
426397518
958126734
782543691
564912873
319678245


346152789
751689234
829734156
267415893
435978612
198326475
683297541
972541368
514863927


285316479
694572318
173498265
317689524
468125793
529734681
732841956
951263847
846957132


918243567
732156498
645897123
279531846
456789312
183462975
324975681
591628734
867314259


481236759
356791248
729458361
134627895
298145673
567389412
975862134
642913587
813574926


763124598
924358167
581697342
247516839
659283471
318479256
836741925
492865713
175932684


327514896
156289374
498736125
213498657
689157432
745362981
872643519
961875243
534921768


742135896
381296547
569748123
158962734
276413985
934587612
893654271
617329458
425871369


127436895
854291637
693758214
375684921
469125783
281379546
538917462
942563178
716842359


987214536
325687194
164359728
259768413
478123965
613945872
891436257
746592381
532871649


689132547
254678391
713594268
147826935
326915784
598347126
862759413
471283659
935461872


395128467
261347589
847659312
178265943
436791825
952834671
583472196
624913758
719586234


917263458
254178936
638495217
142957683
369841572
785632149
876524391
491386725
523719864


598124367
143756289
267839451
426513978
389672514
715498623
832961745
651347892
974285136


235714689
187296354
946358217
372685941
519432876
864179523
628941735
751863492
493527168


685123794
217496538
493758261
371249685
846375912
529681473
932864157
154937826
768512349


947163582
362485179
185297346
214639857
538724961
796851234
821546793
653972418
479318625


945132678
761485293
238769415
352947861
486351729
179628354
897213546
613574982
524896137


249315867
673298154
185674239
492137586
356982471
718546923
867429315
921753648
534861792


217348569
459167238
863259147
145982376
378416925
926735814
782691453
531874692
694523781


142537689
367198425
985462317
518274963
279356841
436981752
653819274
721643598
894725136


392145786
578369412
164728359
785234961
216597843
943816527
459672138
821953674
637481295


498213567
376458129
215679348
123587694
689134275
547962813
852796431
934821756
761345982


457132869
891546327
326798514
269415738
174983652
538627941
645871293
982364175
713259486


952143678
836725491
471896523
387519246
214687935
569234187
628971354
193458762
745362819


897132456
152647389
346859172
275468913
461593728
938721564
684975231
729316845
513284697


518236947
642791358
739458162
253169874
164587239
897324615
476912583
985673421
321845796


371254698
259168374
846397512
138729465
967543821
425816739
793482156
614975283
582631947


268143579
349527168
715968324
136274895
582639741
974815632
451396287
627481953
893752416


843125796
516497238
927638451
358712964
791546823
462389517
185273649
674951382
239864175


931245867
567398124
284761593
178624935
326589471
459137286
712953648
643812759
895476312


965217438
174358269
238469157
356872941
729146583
481593672
847621395
613985724
592734816


452136789
896275314
713489562
647321895
185964273
239857641
321798456
968542137
574613928


976124835
238596471
415387629
152473986
683952714
749861253
391748562
527639148
864215397


259134786
736825419
481679532
195247863
824963157
367581924
672458391
948312675
513796248


958132467
631478259
427596183
263915874
149867532
785324691
312689745
894751326
576243918


624175839
537689214
918243576
182736945
453928761
769451328
271894653
845362197
396517482


928143567
461578329
357269418
239451876
146782953
785936241
673824195
512397684
894615732


495126378
827394516
316578429
148953762
273681954
659247831
534812697
982765143
761439285


879213546
435687291
126594738
258469173
367158924
941732685
683921457
712845369
594376812


439216578
261587493
785943162
128635947
396478251
547192836
974861325
612354789
853729614


514237869
287691435
963548271
128753946
645829713
379416582
892164357
736985124
451372698


895123476
237486195
146579382
352891764
678354921
419267853
763942518
984615237
521738649


264135879
153798264
789264135
412376958
396582417
578419623
637841592
945627381
821953746


541236789
628197453
937584126
153649278
264875931
879321564
385412697
492763815
716958342


697124835
524386791
138759246
245693178
716548923
983271654
352817469
471965382
869432517


827135469
514269387
936748512
268394751
145627893
379581624
652413978
783952146
491876235


619325478
753418269
428697351
245186937
976253184
381974526
897531642
562749813
134862795


594123867
823647159
761859234
356472918
142398576
978561342
217934685
689715423
435286791


924135768
715468392
638729154
163254987
472896531
589317426
346581279
857942613
291673845


792134658
164785293
853629147
539217486
241968375
678543921
386472519
415896732
927351864


613245789
254879136
978316254
136754928
495128673
782693541
349562817
561487392
827931465


935162748
178354692
246879135
469723581
582941367
317586924
694215873
753498216
821637459


653142798
219387546
847569231
465873912
792651384
138924675
386495127
521738469
974216853


876123459
512469783
439578612
295346871
348791526
761852934
153984267
684237195
927615348


738124695
149365782
625879134
286513947
597246813
413798256
352681479
874952361
961437528


695123487
314758926
728469153
257631849
963284571
481597362
876315294
532946718
149872635


265314789
318279546
947685132
124893675
583167294
679452318
756941823
431528967
892736451


982134567
467825139
513679284
126793845
374582916
859461372
638957421
245316798
791248653


947123856
562847319
831569274
354291768
296785431
178436925
415378692
623954187
789612543


375214698
986537214
124698375
237489561
459176832
618352749
593721486
741865923
862943157


758142396
349567281
612398457
436821975
295736814
871459623
923615748
567284139
184973562


165243897
789561324
423987516
234895761
591736482
678124935
812459673
357618249
946372158


375124698
284639157
961785324
438572961
127396845
596418732
659847213
843261579
712953486


734126958
859734126
621598473
465312789
197865342
283479615
576243891
312987564
948651237


214356789
695178234
378294156
157483692
482569371
936721548
541832967
729645813
863917425


483156729
796234581
521897634
132569847
678421953
945378216
264915378
857643192
319782465


367142589
428395617
519867324
193684752
674529138
852731946
935478261
246913875
781256493


285134679
176289534
943576218
327468951
619752843
458391726
762843195
831925467
594617382


149235768
537681249
268794153
356478921
472319586
891526437
685947312
724163895
913852674


842135796
639728514
571649823
324596178
167382945
958471632
786213459
493857261
215964387


859214376
672359148
413786529
237148965
165923784
948675213
326891457
591467832
784532691


216345879
845179263
397682541
158234697
463798152
972516438
521967384
689423715
734851926


543216798
871459263
269783154
125397846
397648521
486125379
934872615
652931487
718564932


418235679
369417825
527689341
175348962
693752418
284196753
736921584
841563297
952874136


296135784
871462935
354789126
145326879
738594261
629817453
482953617
567241398
913678542


173245689
586139472
429867153
815723964
294651738
367498521
932574816
741386295
658912347


725316498
864279153
931485276
356124987
189537624
472698315
647951832
593842761
218763549


961324758
587169342
432785169
258413976
349657821
176298435
725941683
814536297
693872514


934125687
765348291
812679453
183952746
249763518
576814932
697481325
428537169
351296874


162354879
547189236
938276145
315628497
729543681
486917352
674891523
853762914
291435768


683217495
715493268
429586317
152739684
867124539
934865721
376941852
241358976
598672143


356124897
894637215
721958364
265371948
938542671
147869532
483216759
679485123
512793486


412356789
857219346
639487125
123975468
976843251
548162973
395728614
261594837
784631592


268314759
413579628
579628341
325496187
784135962
691287435
142953876
937862514
856741293


892143576
345672198
167589243
236817954
519436782
478295361
784351629
923764815
651928437


243156789
756289341
819374562
124768953
697523418
538941627
471692835
365817294
982435176


264137598
735289416
918546372
143875269
579362841
682491735
351624987
896753124
427918653


419236578
285197364
376458219
197842653
648315792
523769841
962584137
834671925
751923486


786123495
253469718
941857236
135742869
478396521
629518347
364985172
512674983
897231654


892135476
173246589
645798123
237561948
451879632
986324751
314952867
769483215
528617394


624315897
751298634
839476125
275834916
496152783
183769542
562941378
318627459
947583261


218345769
753619248
469728351
185294637
927136584
634587912
596871423
872463195
341952876


157328496
483569127
296471538
512896374
864237915
739154862
928743651
345612789
671985243


743152896
965348172
182967354
317694528
294815763
856723941
438279615
571436289
629581437


874125396
123469587
659378142
235791468
718246953
496853721
587932614
362514879
941687235


763219485
928453671
514687329
237965814
146378952
859124763
375842196
692731548
481596237


386214597
925367148
741589326
132478659
857936214
469125783
593641872
218793465
674852931


739214586
241568937
568379241
124895673
695743128
387126495
952687314
473951862
816432759


915234687
246187395
873695124
328419576
561378249
497562813
184753962
739826451
652941738


142365879
875219436
639478251
253147698
486932517
917856324
561724983
328691745
794583162


762143598
183529674
495678123
237815946
941267835
658934712
574381269
329756481
816492357


695123487
248697351
371485296
782514963
159236874
436978512
513862749
924751638
867349125


462153879
817429536
395768214
129687453
548231697
673945182
954872361
281396745
736514928


685312479
491576328
237849165
163254897
958137642
724968531
846725913
512493786
379681254


239416785
546278193
178359426
781634952
693125847
425897631
362941578
917583264
854762319


958214637
276395184
143867592
325189476
619743825
487652913
791426358
534978261
862531749


592134678
178562349
634789125
357241986
246895731
981376452
715923864
423618597
869457213


283145769
164879235
975326814
456718923
312594687
798263541
821457396
637981452
549632178


751243698
986157243
423869157
132584976
547692831
869731425
398476512
614325789
275918364


695213748
478596231
123748956
516432879
347689512
982157364
264975183
731824695
859361427


348127659
961354287
257689134
572416893
619873425
483295761
135762948
796548312
824931576


258134697
916572438
743986125
375841962
189267543
624359781
837695214
561423879
492718356


291346587
746158239
583297461
358461972
914872653
627935814
165729348
472683195
839514726


675124398
938657142
421938657
142583976
359476281
786219534
563741829
894362715
217895463


915324678
674185923
238697154
357261849
829453716
146978532
762539481
483716295
591842367


638215497
257439618
149786235
312897564
475362981
896154723
561973842
723648159
984521376


692143587
815279436
437658912
123897645
948536721
576421893
381764259
264915378
759382164


796123458
481659237
235478169
367512894
549837612
812964375
624791583
173285946
958346721


615234978
742589361
983167254
237451689
194826537
568793142
479315826
851672493
326948715


159324687
783165249
246798315
325649871
897213564
461857923
578432196
634981752
912576438


542137896
813692475
796458213
367815942
129746538
458329761
671584329
284963157
935271684


382147569
719562384
546839172
123476895
698325741
457918236
931284657
265793418
874651923


154263798
237894165
968157324
346521987
719486532
582739416
823945671
491678253
675312849


724513896
518694273
639287145
287356914
143879562
956142738
862731459
475968321
391425687


379415268
421683597
865729134
157234689
693578421
248196753
912367845
734852916
586941372


953124786
841657329
276398145
365781492
427963851
189542673
612475938
798236514
534819267


192354678
864217395
735689241
347126589
586943712
921578436
413862957
278495163
659731824


491523678
386147295
725968134
152394867
637815942
849276513
263459781
578631429
914782356


912345786
348617529
576298134
269751843
154823967
783469215
431972658
895136472
627584391


632145879
179628354
845793126
451379682
398264517
267851493
524916738
913487265
786532941


718325649
549176238
326489175
267913584
134857926
985264317
872591463
451638792
693742851


845123697
921467358
673958241
567241839
138579426
294836715
319782564
482615973
756394182


872134659
539267184
614598273
153642897
496785321
287319465
765421938
921853746
348976512


793124658
265738149
418596372
157249836
324685917
689371425
842917563
976453281
531862794


684215397
579348612
312697485
497152863
238476951
156983724
725839146
961724538
843561279


824136759
517294638
936587241
153468927
689725413
472319586
765841392
248973165
391652874


763124589
429358167
851679342
137542896
286931475
594786231
312897654
948265713
675413928


314257896
967381245
258694317
146539782
529178463
783426951
472815639
695743128
831962574


691234587
285176349
374859261
147983652
869527413
523641798
436718925
912365874
758492136


871253469
654197328
329468571
193672854
465839712
287541693
916784235
538926147
742315986


915236847
763148259
824759316
378521694
146983572
259674183
431892765
582467931
697315428


734152698
295683147
681794325
356419872
147328569
829576431
913245786
568937214
472861953


539216478
762548139
184379265
345192687
698754321
217863954
476925813
821437596
953681742


841236957
369457281
752819436
124965873
586723149
937148625
413672598
678594312
295381764


835214697
924673158
617598234
168942573
243157986
579386412
352761849
781429365
496835721


624315789
583792614
971468253
238174965
146259378
759683142
415927836
362841597
897536421


194253768
372618459
865974321
219536847
687492135
543187692
931845276
756321984
428769513


749123568
851476329
326589174
438261795
162957483
597348612
614832957
273695841
985714236


984132567
523476189
716589324
157948632
239761845
648325791
865297413
391854276
472613958


641327589
735189264
289564317
173895642
498236175
526471938
312948756
857612493
964753821


549162387
687394512
312785694
124638975
876519423
935427861
451976238
798243156
263851749


576123489
814569723
293487165
165348972
729651834
348972651
437296518
981735246
652814397


416325789
572498163
389617245
137254698
648739521
295186437
963572814
854961372
721843956


524136897
769428135
831957624
183794562
695283741
247561983
478319256
356872419
912645378


396127584
275438619
148569237
487216953
519384726
623795841
854971362
762843195
931652478


627135489
581492367
349867251
134629578
765381924
298754613
876543192
412976835
953218746


514236798
327189456
986457213
168523974
473691582
259748631
841965327
635872149
792314865


186523749
532794618
947681532
354218967
261479853
879356421
693842175
415937286
728165394


518243679
236897451
749615283
657134928
184529367
923786514
361972845
472358196
895461732


194235687
256178394
387469215
428713956
539846721
671592438
912687543
865324179
743951862


471253689
586491327
923768451
235819764
197624538
864537912
659142873
318975246
742386195


421356789
637198245
895247316
143729658
579863421
268514937
714982563
356471892
982635174


627135894
543896271
981427365
259318746
164279583
738564912
396751428
475682139
812943657


378125469
245396817
691478235
489531672
527964381
136782594
712653948
864219753
953847126


254317698
173689245
968425173
425138769
697254831
831976524
582793416
316542987
749861352


357126489
614798352
829435617
465281973
182379564
973564821
591847236
736952148
248613795


298134576
574629318
631857249
345261897
926378451
817945623
459783162
782416935
163592784


673214589
854697231
912538467
165372948
289146375
437985612
546721893
321869754
798453126


674213859
935684172
281957346
153746298
469128735
728539461
392461587
546872913
817395624


453172896
786439125
912658437
124365978
598724361
367981254
271896543
835247619
649513782


723146598
569283174
418597623
142369857
357418962
896725431
274951386
635874219
981632745


361245789
945387216
872169453
238416597
417958632
659723148
523871964
786594321
194632875


435162789
716489253
982573614
168937542
579824136
243615978
624758391
397241865
851396427


693214587
251687943
847953216
526138794
719546328
384729651
968475132
472391865
135862479


456123798
718694253
239857416
125469387
364718925
987532641
591276834
872341569
643985172


136524798
872139546
945687312
263471985
481395627
597268431
719853264
654912873
328746159


751243698
428169537
369857142
246731985
875694213
193528764
512386479
684975321
937412856


193254687
258376149
476918253
627143895
319825764
584697321
965781432
841532976
732469518


843215769
217639485
596784123
364192857
728563914
951478632
439856271
185927346
672341598


481253679
759486123
326719485
175694832
264835791
938172564
847321956
692548317
513967248


289143576
537286914
146579283
314962857
678415392
925738641
463857129
752691438
891324765


475126839
318495276
926378145
634281957
159743628
287569314
563914782
842637591
791852463


436215789
597386124
812479356
148752963
269134875
753968412
384621597
921547638
675893241


937124658
624538197
851796243
273859461
149267385
568341729
412983576
796415832
385672914


681235749
534197826
729468135
247819563
398756412
156342987
875621394
963584271
412973658


287315694
435796182
619428537
524187963
196253748
378649251
861974325
753862419
942531876


319524687
654178239
872369154
167485392
245793861
938216475
521837946
786942513
493651728


186327549
543189672
927456318
369214785
478635921
215798463
751843296
692571834
834962157


468132579
512697384
793584261
145326798
879415632
236978415
351749826
924863157
687251943


458123796
267549183
319678425
145392867
692857341
783416952
926781534
874235619
531964278


943512786
275468319
861397254
187254693
496183572
352679841
529731468
614825937
738946125


826314759
537296148
194578326
315829467
678145932
249763581
461952873
953687214
782431695


681423579
793156284
254789163
148375692
379264851
526891437
962517348
837642915
415938726


879132546
452679813
136458279
597324681
268591734
314867925
685213497
743986152
921745368


127345698
859126347
643897125
265431879
371589462
498762531
782614953
916253784
534978216


816243795
352897614
497516283
738125946
169734852
524689371
971462538
285371469
643958127


638142795
517639248
294785361
826417953
143598627
759326814
472953186
385261479
961874532


821354967
659172348
473689152
235417896
187926435
946835271
368591724
592748613
714263589


149523768
685174329
273689154
512347896
398265417
467918532
731896245
924751683
856432971


684213597
513794268
297658413
341569872
768132945
925847631
832976154
456321789
179485326


657132489
281495367
349678152
423516978
165789234
798324516
814963725
532847691
976251843


821345796
935276184
467891235
153482967
289637541
674159823
392514678
718963452
546728319


421536789
698127435
573948126
159472863
786391254
234865917
362719548
817654392
945283671


784213659
239576148
561489237
123897465
647125893
895364721
952741386
416938572
378652914


138264759
756891243
429573681
314628975
892157436
567349812
673985124
941732568
285416397


435128679
892673415
716495238
168947523
273856941
549231786
627389154
984512367
351764892


562134798
743598612
891726453
124659387
976843521
358271946
685417239
237985164
419362875


978132465
362547189
451698327
126859734
745326918
839471652
513984276
697215843
284763591


593124687
284376159
761598342
347215896
159687423
628439715
872961534
436852971
915743268


495126783
138579246
276348159
319462875
527893614
684715932
761954328
953281467
842637591


729136548
513482697
648579123
136925784
254718369
897364251
981257436
365841972
472693815


159234687
648175239
237869154
495623718
826517943
371948562
584791326
912386475
763452891


136247958
947158263
825396417
274619385
358472691
619835742
792561834
461783529
583924176


852613794
631794825
479528163
147386952
526479381
398152476
784261539
215937648
963845217


251346879
937182465
684597231
326419587
179658324
548723196
765234918
493861752
812975643


583217469
679345128
142698537
496152873
728439615
315786942
257961384
931874256
864523791


546213879
781594326
329768415
493152687
157486293
268379541
634921758
815647932
972835164


623154978
194768352
875392164
219543687
468917523
357826491
736489215
582631749
941275836


672134598
598267341
134589276
417692853
263875419
859341762
381456927
746928135
925713684


184263579
573189264
296475318
315846927
629731845
748952631
432518796
861397452
957624183


456172398
187349265
392856417
513927846
628514739
974638521
865293174
731465982
249781653


168237459
429156738
735489126
251874693
384965271
697321845
513748962
846592317
972613584


531427698
628139457
497568123
163254879
782913546
945876231
354691782
276385914
819742365


863125497
542679381
719483526
136258974
425917863
978364215
294736158
651842739
387591642


142356879
873149625
569278341
234691758
685427913
791835462
926584137
318762594
457913286


463152789
815793426
927468135
236517894
159824367
748639512
571286943
694371258
382945671


724315869
613289475
859746132
168452397
297138546
345697281
981573624
432961758
576824913


673142859
542389716
981567234
124978365
759631482
368425971
497856123
236714598
815293647


569123487
781456293
432789156
146597832
358642971
297831645
614975328
973218564
825364719


573124689
948365172
261798354
132579468
456812793
897436215
325681947
689247531
714953826


532147896
481693275
796285134
148739562
673452981
259816347
817324659
924568713
365971428


653128479
914375268
827469513
142987635
768253941
395614827
436891752
581742396
279536184


572138694
319462578
468759123
137596842
284371965
695824731
741983256
856247319
923615487


981423567
372516489
645789231
256374198
438961725
197258346
513692874
829147653
764835912


435216789
687349152
291578364
546123897
129487536
378965421
762831945
854792613
913654278


521368794
839174265
746259381
254813976
397645812
618927543
173482659
965731428
482596137


584162397
679835142
312794568
125487936
793516284
468329715
236978451
841253679
957641823


642513789
785429163
193687425
238195674
516274938
479368512
367942851
824751396
951836247


847123659
362594187
951687243
123479865
478365921
596812374
219748536
785936412
634251798


275143869
139568427
486729153
518237946
694851732
327496518
951672384
863914275
742385691


298135647
574286193
316947528
162493785
845761932
739528416
453612879
927854361
681379254


428135769
569427183
713698245
185274396
246359871
397861524
951786432
672543918
834912657


653124789
718396425
924578163
137465892
482913576
569287341
275641938
891732654
346859217


238145697
671239845
459678123
584913276
127564938
396782514
763891452
812457369
945326781


786213594
213549786
495687123
354178962
167392845
928456371
639825417
571964238
842731659


386124579
752693418
941578236
129385647
563417982
478269351
637941825
214856793
895732164


539216487
461387259
278459136
146572893
782934615
953168742
615823974
324791568
897645321


819324657
467581329
253796184
395268741
128437596
746159832
571943268
982675413
634812975


921364785
847125693
653789412
265871934
714953826
389246571
492618357
136597248
578432169


572136489
348259617
691487253
427513968
169874325
835962741
916748532
284395176
753621894


791236584
843159627
265748193
476392851
132485769
589671342
327864915
654913278
918527436


263145897
975283146
148679253
312968574
456732981
789451362
621897435
837524619
594316728


564213789
298547163
713689452
142978635
376125894
859436271
487391526
925864317
631752948


457213689
129468357
863759214
234986571
576134892
981572436
348691725
695827143
712345968


154237689
793681245
862594713
315426978
486379521
279158436
638942157
541763892
927815364


672138549
543769218
189452376
364925781
751684923
298317465
417596832
835271694
926843157


684123795
372596418
159748263
418362957
596471832
237985641
941257386
825639174
763814529


253146789
678259143
149387256
482931675
316574928
597628314
724863591
861795432
935412867


459123687
612587934
873694152
194875263
726319845
538462791
361248579
985731426
247956318


416237859
378459261
952861437
265713948
184925673
739648512
523184796
891576324
647392185


746125389
892347156
153698472
235489761
674513928
918276534
527961843
481732695
369854217


316245789
247389615
589716243
458163972
673924851
192578364
934857126
861492537
725631498


741235869
683719254
592648137
254193786
318576492
976482513
865924371
129357648
437861925


695132748
174586329
823749561
317628495
246951837
589473612
468215973
952367184
731894256


638124597
295367418
741589326
123875649
869413752
457692831
914756283
372948165
586231974


965312748
371485629
248796135
529147863
687539412
413268957
156873294
834921576
792654381


687142395
124359678
359786142
216978534
573624819
498531267
932415786
745863921
861297453


372145689
815369427
469782153
146238795
293517864
758694312
637951248
581423976
924876531


632145789
817269354
945873162
156432978
294687513
378591246
429758631
783916425
561324897


835124697
926573148
741689352
457912836
169358724
283467519
312746985
574891263
698235471


461327589
582149376
379568124
236495718
715683492
894271653
957836241
628714935
143952867


284135796
196247538
735896241
359764812
861529374
472318965
518473629
647952183
923681457


186253749
329174586
547689312
418532967
293746851
675918423
954321678
862497135
731865294


815324967
372596184
649871253
124953876
538167492
796248531
267489315
951732648
483615729


853126497
912347568
674589132
345218976
289674351
167953824
438792615
526431789
791865243


417523968
235689471
689147235
123465789
576298143
894371526
341756892
962814357
758932614


591243687
873156294
264978315
127835946
958461723
436729851
745692138
319587462
682314579


749123658
518467239
623589471
167235894
894716325
235894716
452671983
386952147
971348562


364127589
512498376
897536124
248319765
659274813
731865942
926751438
185643297
473982651


435126798
692387145
871549263
268473951
349615827
157298634
716934582
983752416
524861379


276134598
391685247
548792316
125348679
437269851
689517423
862951734
714823965
953476182


628314759
375692148
914587326
247139685
156248973
839756412
581463297
793821564
462975831


396125478
725384619
841679235
154297386
637518924
289436157
918762543
473951862
562843791


568312947
971456382
234789156
153847629
687293514
429165873
345628791
792531468
816974235


487213569
139465782
265798134
346129875
798354621
512876943
621537498
873941256
954682317


819254673
352617498
467389215
576842931
293176854
148935762
631498527
985723146
724561389


248135769
396278514
517469382
134682957
625947831
789513246
863794125
951826473
472351698


495317268
231685479
876429135
364298517
129754386
587136924
618543792
943872651
752961843


675123498
831495726
429678153
253714869
168239547
794856312
317942685
946587231
582361974


593214867
467385192
821697354
156439278
274856931
938172546
689723415
342561789
715948623


784126539
562394187
391587264
123875496
476912853
859643721
637251948
218469375
945738612


214635789
875192346
936847152
529314867
748569231
163278495
357426918
482951673
691783524


651324798
397186254
482759136
275461983
839275461
146893572
518647329
763912845
924538617


385214796
672359481
491867235
548123967
269578314
713496852
924635178
836741529
157982643


849123657
517468293
263579184
328756941
495812376
176394825
632947518
781235469
954681732


824165739
913472586
756389241
148237965
267958413
539641827
491726358
682593174
375814692


243157896
971268345
658349271
567413982
382695714
194782653
819526437
725834169
436971528


426135897
793482156
518697243
267941385
359268714
841573962
172856439
935714628
684329571


293145768
854672319
716839542
129587436
675394821
348216975
587421693
931768254
462953187


258314697
746298315
319576428
127865934
495723861
863149752
534982176
672431589
981657243


785123469
926475183
134698257
219356874
357984621
468217395
571842936
843769512
692531748


426135798
718429356
935678124
189243675
572916843
364857912
897562431
243781569
651394287


948312576
675849123
321576948
136285794
497163285
582497631
264758319
719634852
853921467


495132867
213678459
768945132
182469573
379581246
546723918
937854621
651297384
824316795


812346597
749152638
653897421
275418963
398265714
461739852
136984275
924573186
587621349


593142678
471683925
286795134
128367459
347519862
965428713
852976341
634851297
719234586


746215839
983467152
512398647
378526914
295143768
461789523
829654371
157832496
634971285


542137968
936428175
871695234
165384792
387219546
294576381
428953617
753861429
619742853


892314567
157268493
436795128
318627945
624589731
579143682
281476359
963851274
745932816


786132495
135496278
429758136
217684953
943571862
568329741
392845617
871963524
654217389


649312857
873954162
125768349
314275986
257689431
968143275
431527698
786491523
592836714


632514978
549287136
781396452
254169387
816735249
397428561
925673814
478951623
163842795


748312956
369574281
215986347
423197865
687453129
591268473
134625798
852739614
976841532


823145769
514967238
697283145
136529487
782614953
459738612
245376891
961852374
378491526


485132697
396457128
271698345
523781964
149526783
768943512
654279831
812365479
937814256


986132457
273548169
415679283
627351948
149826735
358497621
794285316
862713594
531964872


257134698
149568237
863729145
512473986
694281573
378695412
986342751
421857369
735916824


264137895
815429376
937586142
146275938
328941657
579863421
492718563
651392784
783654219


376152489
291438657
458796132
182547396
549361728
637829541
823615974
964273815
715984263


451237698
638419257
972568134
386125749
519743826
247986315
895372461
724691583
163854972


372146958
841529637
596378142
284615793
759483261
163792485
438261579
625937814
917854326


127346589
534189726
698257134
416832975
285971463
379465812
842793651
951628347
763514298


649152378
738496251
152378469
381725694
465931782
297864513
876249135
923517846
514683927


954312678
367458129
218679354
126837495
475296831
839145267
541723986
782964513
693581742


368124759
579368124
214579683
496812375
831957462
725643891
957436218
142785936
683291547


561237849
497168352
382495671
239516784
615874923
874329516
743652198
158943267
926781435


192345768
637218549
458679231
315824976
286793415
749156382
961537824
523481697
874962153


243156798
697328415
851479362
124593876
589647231
736281549
465932187
972814653
318765924


748132569
126579438
359648127
517426983
284913675
693785214
835264791
961857342
472391856


984213567
675489123
213567849
142896735
356172984
798354612
531948276
827635491
469721358


867123459
932456718
415879623
149768532
273591846
658234197
591387264
726945381
384612975


527318649
846529317
193467825
215986734
379154268
684273951
738641592
951732486
462895173


154326789
978145236
623897154
215789643
349261578
786453921
537914862
861532497
492678315


723154869
691287345
485369217
234871956
157926483
869543721
376418592
942635178
518792634


843126957
129587346
756493812
314275698
268319475
597648123
471832569
632951784
985764231


468123759
751469382
923587461
236941875
587236914
194758623
379615248
612894537
845372196


164327895
872159346
395468172
516294783
287613954
439875261
953742618
721586439
648931527


352146879
481379256
679582143
145263987
823957461
967418325
294635718
538721694
716894532


875213649
642895317
193467285
257138964
419726538
386549721
738651492
564982173
921374856


715234869
249618375
638597142
384179256
567482931
921365784
176943528
892756413
453821697


673142598
842359167
591768234
126873945
354691782
987425316
738216459
265934871
419587623


398124567
174586239
652793814
243657981
586319742
719248356
467832195
931475628
825961473


782134659
651279438
439568271
143652987
278391546
596487123
315846792
867925314
924713865


417523689
369718425
258496137
526381974
793245861
184679352
671932548
932854716
845167293


386217495
592438167
741569328
178326954
265974813
439185672
913852746
857641239
624793581


176324598
348591267
925687134
263849715
487153926
519276843
654712389
891435672
732968451


758132694
426957183
193486257
345821976
681793542
279645831
534269718
867514329
912378465


973215684
564387129
821469357
146958273
259734861
738126495
317892546
485673912
692541738


264137859
581429376
973586142
125863497
647915283
398274615
756341928
819652734
432798561


561234798
934587612
872691435
123758964
497362581
658149327
346815279
219476853
785923146


735142896
924586173
168937245
213768954
486359712
579421368
351294687
647813529
892675431


847123659
953647218
612589347
139852476
278436195
465791832
791368524
384275961
526914783


382415796
197268345
654379812
435126978
729843561
816597423
561784239
248931657
973652184


957213648
326485197
184796325
568324971
271659834
439178562
793541286
845962713
612837459


835127469
697438152
241569738
123784695
489356271
576912843
368275914
952641387
714893526


532419687
179683425
846527913
465372891
398146572
721958364
913764258
254891736
687235149


968312547
315476298
247589136
573164829
189257463
426893715
734928651
691745382
852631974


195236478
324178695
678594123
216349857
483725961
759681342
832467519
941852736
567913284


315264879
286179453
497358612
169542738
834796521
752813964
943625187
678431295
521987346


985312746
763458192
124769358
317295864
456183927
298674513
871926435
532841679
649537281


256143879
398276154
147589236
461832597
582697413
739415682
813964725
924751368
675328941


198234567
534167298
267589134
315892746
872645319
946713852
723456981
489321675
651978423


872134659
953286147
164579283
347612895
218953764
596748312
789421536
435867921
621395478


159234687
876591324
234687591
345172968
618349752
792865143
963728415
527416839
481953276


645123897
719568324
823794156
134857962
598632741
267419583
372986415
956341278
481275639


598123647
136457289
274689153
389762514
657841392
412935876
765298431
841376925
923514768


514327896
637189425
298456173
145893762
326745981
789261354
853912647
472638519
961574238


467128359
915436287
823579146
156294738
349785612
278361495
684912573
532847961
791653824


938124657
462735891
175698243
253916478
749582316
681347925
817269534
396451782
524873169


319524786
728163549
546798123
234819675
687435912
195276834
863941257
952387461
471652398


384125679
257496138
169783245
413259786
526847913
798361452
841932567
975618324
632574891


274153698
186294375
593678214
417839526
365421987
928765431
641382759
852947163
739516842


256314897
438597126
971628354
147239685
582746931
693185472
715863249
324951768
869472513


598312647
416758239
327496158
145287963
972163584
683549712
751934826
839625471
264871395


647213958
258496317
139587426
596328741
374165289
812974635
925741863
761832594
483659172


283146957
967352184
415897263
139784625
678235419
542619378
794561832
321978546
856423791


253417698
914268357
687935124
325184976
461379582
798526431
172653849
839741265
546892713


561234897
328179465
497856312
649382571
173645928
285917643
912563784
756428139
834791256


397124586
814563729
526978143
159436872
482795361
763812495
635247918
241389657
978651234


896124357
427356189
153987264
345712698
672893415
918465732
231579846
789641523
564238971


768213549
149567283
235894761
314629875
687345192
592178634
953782416
821436957
476951328


341527869
857169243
692438157
174385926
928746315
536291478
469872531
285613794
713954682


416253798
795618234
823794156
237189465
159467382
648532917
564921873
371846529
982375641


956124387
873569214
412387569
135278496
647913825
289456731
561842973
324791658
798635142


452318679
639274185
781569243
245193867
916857432
378426951
894731526
567942318
123685794


623148579
714359268
958726413
136297854
287465931
549813726
391582647
872634195
465971382


415326879
867419253
239857146
352178964
196245738
748963512
574682391
683791425
921534687


758132469
124596387
369478512
436821975
982754631
517963824
871649253
245387196
693215748


274513968
196482357
538679421
419367285
357298146
862154793
981745632
743826519
625931874


641253879
358197246
927648351
134526987
782439165
569781423
413865792
295374618
876912534


681234579
795186342
324759618
258461937
139578426
467923185
573612894
846397251
912845763


961234587
352687149
487519326
679452831
128763495
534198762
813925674
245376918
796841253


547132689
918456273
362897145
159328764
284769351
673541928
826914537
431275896
795683412


871324695
453196278
692587143
145673982
237859461
968241357
314768529
729435816
586912734


461273598
235891647
978546213
143759826
586432971
792618354
819327465
357964182
624185739


613245798
582197346
497368251
268451973
759632814
134789562
846973125
925814637
371526489


875312694
439567128
261498357
186234975
593786241
724159836
647823519
912645783
358971462


349125687
618437295
752689134
237916548
194358762
586274319
461792853
823541976
975863421


893142657
652738914
741569283
234615798
517894326
968327541
179286435
485973162
326451879


287143569
416259387
935678214
163982745
824715936
759436821
592361478
648527193
371894652


473152689
891634527
265789143
326491758
187325964
549867312
758213496
932546871
614978235


132456978
495387126
876912453
213678549
567294381
984135267
328741695
659823714
741569832


275134698
481659273
639782145
567341829
128967354
394528716
743296581
816475932
952813467


634172589
597483261
182569347
246351978
915728634
378694125
453217896
769835412
821946753


537214896
284369175
961578342
326145987
478923561
159786423
845632719
792851634
613497258


491237586
826514937
537869142
158496273
673182495
249375618
312958764
784621359
965743821


358214697
761359248
294768513
123895476
486127935
579643821
842531769
937486152
615972384


759412386
621583497
348769152
137256948
285194673
964378215
412835769
593647821
876921534


239145867
547682139
681793452
163459278
475268913
892371546
926534781
758916324
314827695


178234569
235697481
964158723
419326857
527489316
386571942
851963274
692745138
743812695


917236548
625481379
438597216
246759183
359618724
871324965
192865437
584173692
763942851


491236587
738159264
562478193
286795341
947813625
315624879
674381952
853942716
129567438


187253496
962471538
543698712
314526879
259837641
678149325
496782153
721365984
835914267


582316479
947582316
613749528
174635892
356298741
298174635
721853964
435961287
869427153


417235698
635891247
928467135
259183764
173649582
864752913
396528471
742316859
581974326


376129485
452683179
891547236
168374592
235918647
749265813
517836924
623491758
984752361


792413586
463582179
518697234
235176948
186945327
947328615
324859761
879261453
651734892


498125673
267349185
315687492
674512839
182963754
539478261
756234918
941856327
823791546


591243867
268715349
374986251
423197586
985624173
716538924
632871495
159462738
847359612


348125679
725639184
196784235
214567893
839412756
567398412
973846521
452971368
681253947


156237948
398145267
742896135
539614782
617582394
284379516
873421659
961758423
425963871


798132546
453678192
621459783
246815937
917263854
835794621
569321478
374986215
182547369


374216589
921584367
685379124
143728956
769145832
852693741
437952618
598461273
216837495


382145769
194673582
576289134
239857416
415926873
768314925
927438651
653791248
841562397


342165879
658379124
179824635
436218957
791453268
285796341
527931486
964582713
813647592


394512768
615748293
782693154
458279316
239186475
167435829
546327981
873951642
921864537


958123476
234576198
176489325
341958762
687231954
592647831
713865249
469312587
825794613


134256978
695738241
287149356
459362187
371485629
826971435
762593814
943817562
518624793


748125639
162349587
539786124
213578946
497263815
685914372
354897261
871652493
926431758


174235689
628149735
953687214
367524198
281396457
495871362
746953821
839412576
512768943


274315968
168294375
935867214
416738529
352149786
789652431
843576192
691423857
527981643


684312579
172459368
593678142
235167984
819234657
746985231
328541796
957826413
461793825


834126795
527349186
691857342
263714958
178965423
459238617
912573864
745681239
386492571


897132456
356478219
241569738
185726943
723954681
964381572
612847395
579613824
438295167


158234679
647195328
239768154
312476985
495382761
786951432
561847293
974523816
823619547


546312789
129478356
387695124
465139872
718254963
293786541
854921637
631547298
972863415


812345679
469217385
537698214
345182967
791564832
286973451
128739546
653421798
974856123


152364789
698172345
473859261
234517698
789246153
561938427
915623874
827491536
346785912


784125369
152396487
693478152
315762894
827943615
469581273
231659748
548217936
976834521


548132796
273569184
691784253
382617945
956428317
417953862
824395671
135876429
769241538


713524698
485196273
269387154
324651987
158479326
697238415
932765841
871943562
546812739


827316459
415729386
936458217
569173824
384295671
172684935
253941768
798562143
641837592


139425687
475186392
628379145
251694738
896713254
743258961
582931476
314567829
967842513


946123785
283457619
751689423
135972864
697841532
428536971
362795148
819364257
574218396


258314697
493267158
716895342
327659481
584132976
169748235
672483519
835921764
941576823


278413596
156279483
439568127
361924875
824357619
597186342
683791254
712645938
945832761


762315849
984267315
153489267
218754693
475693128
639128574
591846732
346572981
827931456


713245689
684319527
952678134
247196853
398452716
561783942
425961378
136827495
879534261


732148695
864259137
915673284
126495873
478326951
359817462
297564318
543981726
681732549


853216479
417539682
269478315
125394867
674182593
938765241
742851936
591643728
386927154


493125786
762384159
158967234
546832971
217659843
389741562
931478625
824596317
675213498


925136487
437285169
168497235
351628974
782914356
694573812
579841623
846352791
213769548


364215798
175398246
982467153
247156839
638749521
519832467
753684912
891523674
426971385


631427859
852169437
794358162
125684973
367291548
489735621
516872394
978543216
243916785


816243579
429756138
537189264
375921486
694538712
182674953
261395847
743812695
958467321


623148579
745329168
198567234
357284916
289631745
416795823
971456382
862913457
534872691


895213746
467589231
123467598
318745962
246198357
579632814
632974185
951826473
784351629


481235679
326791485
957648132
249153768
568479321
173862594
695384217
832517946
714926853


534172869
986435127
712689543
123948756
469527381
857361492
271856934
398214675
645793218


634127859
987453126
251698734
345216978
876935241
129784563
468579312
792361485
513842697


321465897
945817236
786329145
132756984
457298613
698134752
519673428
863942571
274581369


524136879
761298453
389475621
436952187
298714536
157683294
912847365
843569712
675321948


587123496
463597218
921486573
138249765
279615834
645378921
716852349
352964187
894731652


319254768
658173429
742869153
193682547
265347891
874915632
981526374
537491286
426738915


751236849
264891735
389457261
145623978
627589413
893174652
436918527
578342196
912765384


283415697
564793128
719268453
135642789
427389516
698157342
841936275
352874961
976521834


185423697
946187253
723569418
314296785
267358941
598714326
639845172
871932564
452671839


459612738
761438295
832759146
275194683
648375921
913286457
187923564
394567812
526841379


712365849
546189237
983274561
164758923
257943618
398621475
631592784
429837156
875416392


264153789
953478261
178629453
317265948
496837125
582914637
831742596
629581374
745396812


694125378
721348695
538769142
243681957
187954263
965273814
416837529
379512486
852496731


456213789
291487635
783569124
164925873
879136452
325874961
547692318
612348597
938751246


859132467
174968235
236475819
317829654
425617398
968543721
541286973
683791542
792354186


987312456
216495387
453678921
139256874
768134592
524987613
371569248
645821739
892743165


152346879
896127345
734589612
367451298
549278136
281693457
915864723
623715984
478932561


512437689
384169725
769285314
243516978
195378462
678924153
851793246
926841537
437652891


293154678
478236159
651789342
134627895
786945231
529318467
342571986
865492713
917863524


259314687
614278359
378569214
492137865
186925473
537846921
825793146
743681592
961452738


824163597
517492386
369587124
136254978
792638415
458719632
281945763
643871259
975326841


268134579
173259648
954768123
326895714
419672385
785341962
847913256
591426837
632587491


258143679
649527318
713869245
124795863
895436127
367218594
582674931
431982756
976351482


726135489
195428637
834769251
261984573
578213946
349657812
682571394
413892765
957346128


913524687
782136549
654897213
236715894
495283176
178469325
529678431
361942758
847351962


186325497
572149638
493876215
257681943
314957826
968234751
721598364
649713582
835462179


982134567
136572498
745689132
317468925
294315786
568927341
471896253
853241679
629753814


582134697
914267385
763958142
129376854
356842719
847591236
235719468
471685923
698423571


571623894
864195723
392784165
126359487
458271936
739468512
943516278
687942351
215837649


394126587
156378429
728549136
439265718
687491352
215837694
942653871
561782943
873914265


795123648
481596327
623487159
167954832
248371965
359268714
974632581
832715496
516849273


168234579
927516384
354789621
245193768
716825493
839467152
473958216
581642937
692371845


279136548
165428397
348759126
687215934
513894762
492673851
736541289
924387615
851962473


289136547
347258196
651947238
425713689
768492315
193865724
574381962
932674851
816529473


749215683
235786149
861934275
128673954
496158732
357429816
513892467
672341598
984567321


526314879
384579261
917628435
249157683
651843927
873296514
498761352
762935148
135482796


346127895
518369427
729854163
293618754
164735982
857942316
671593248
435281679
982476531


138524796
576839124
942671538
219456873
657318942
384297615
495763281
821945367
763182459


249315687
185476923
763928145
314697852
628543791
597182436
871259364
456831279
932764518


469123758
218457369
573896142
135749826
784632915
692518473
321964587
856371294
947285631


682314759
437259168
519687234
275143896
146798325
893562471
754931682
928476513
361825947


173246859
268159347
945378216
437981625
596732481
812465793
729813564
351624978
684597132


896217345
235498617
147356298
418923576
729165483
563784921
671549832
354872169
982631754


519324687
374586291
268791354
683247915
192835476
457169823
925473168
746918532
831652749


796124358
352768491
418359267
267413985
539687142
184295736
645972813
823541679
971836524


748215639
961384257
523796481
356178924
184629375
279543816
615932748
437861592
892457163


847132956
961548327
523769148
172685439
456397812
389421765
638954271
795213684
214876593


148236597
623579148
795148263
382691754
467325981
951784632
239867415
574913826
816452379


735162498
198437265
462589137
213846579
847925316
659371842
324698751
576213984
981754623


619235784
482176359
537498216
345762891
291854637
768319542
953647128
874521963
126983475


589213647
312647598
647589312
174395826
893126754
265478931
951862473
726934185
438751269


514236897
963578214
827194536
142785963
789361425
635429781
256943178
391857642
478612359


826134759
715269384
394587126
463712895
157948632
289653417
938475261
672891543
541326978


145273698
823496571
967518234
419862753
372159486
658734912
296385147
531647829
784921365


758123649
426597138
931684572
195278364
372416985
684359721
563841297
817962453
249735816


417326895
598174236
632598174
126435987
873961452
945287613
261853749
754619328
389742561


364125798
729348165
581679234
178536942
436982517
295417386
817263459
653794821
942851673


342156897
158794236
697238145
276549381
489613572
513827964
924371658
831465729
765982413


695312487
782456193
314798526
257134968
136985742
849267315
961873254
478529631
523641879


582314697
479586123
631792845
143275968
768139254
295648371
917463582
326857419
854921736


753216489
812493576
946758213
174832695
395164827
268579341
431925768
629387154
587641932


963124758
254768139
871395462
136279845
587641293
429583617
345817926
712956384
698432571


425316879
763289451
918457263
142763598
687945132
359128647
231674985
576892314
894531726


524318769
196472358
837569412
345296871
789143526
261857943
652934187
918725634
473681295


972315468
583462917
146879253
239184576
461537829
758296341
827941635
315628794
694753182


498312576
657489231
132675894
245136987
983247615
716598342
829751463
574963128
361824759


356412798
914378256
728569143
275183469
463795821
891246375
137654982
682937514
549821637


849213675
257649138
163857492
475132869
392768541
618594723
786325914
524971386
931486257


762134598
435689172
198572346
316297485
287453961
549816723
871925634
924361857
653748219


859123674
742568391
163794528
394682715
216457983
578319462
931846257
687235149
425971836


247136589
956824173
831579426
123795864
469218357
578463912
392681745
714952638
685347291


645123879
329478561
187569324
254791683
891236457
736854192
512387946
468912735
973645218


894125376
563748291
271369548
135692784
628457913
749813625
352984167
417236859
986571432


463152789
195487236
872693451
216548973
359726148
748319562
631274895
927835614
584961327


273145869
498672153
651839274
517368942
346297518
829514736
135986427
782453691
964721385


743216895
812593647
965487312
154738926
376129584
289645731
437861259
528974163
691352478


478152369
253469178
961378254
132845697
647921835
589637421
315294786
896713542
724586913


543126798
968357214
172489536
256941873
397268451
814573962
431895627
629714385
785632149


329145678
617382495
845967132
536214987
274698513
198753264
451839726
982476351
763521849


384126597
269573184
157849236
512437968
498615372
673982451
835261749
926754813
741398625


871324569
569178234
342695781
124567893
635849172
987231456
216753948
793482615
458916327


695132478
274658139
381497256
436819725
528376914
917524683
142983567
763245891
859761342


897213546
324657189
615489237
138964725
456172398
279538614
781396452
943725861
562841973


372415689
168329547
549678312
785246193
493157826
621893754
217534968
834961275
956782431


654123879
781496325
392758164
123645987
548379612
967281543
416937258
879512436
235864791


194253786
573681249
286749315
325468971
469137852
718592463
852976134
631824597
947315628


512347968
689152374
374698251
126934587
493785126
857216439
735469812
241873695
968521743


645217893
193684257
278359146
364192785
719568324
852473961
521936478
937845612
486721539


583214697
917356428
624879351
158942736
349768512
762135984
876591243
491623875
235487169


569132847
127468395
438597162
385621974
791354628
246789513
913275486
852946731
674813259


694123578
128475369
735698142
319264857
286751934
457839216
563942781
872316495
941587623


145236897
679148325
238795416
367514982
591382764
482679531
824951673
756823149
913467258


739125486
561489273
482637915
123578694
974263851
856914327
217396548
695841732
348752169


436128759
128579463
957436182
213867945
785943621
694215378
841692537
362751894
579384216


284135697
731269845
596478123
357824961
948613752
162957384
873592416
415386279
629741538


574216389
618397245
293584167
467129538
351678492
829435716
146952873
732861954
985743621


517423896
942186537
386957214
164275983
798314652
235869471
471698325
823541769
659732148


284135769
397426581
651897243
426358917
738219456
915764832
172583694
849671325
563942178


749213568
613548792
528769314
197652483
236184957
485397126
362971845
974825631
851436279


824136759
719528346
356947812
162493587
478652931
593781624
931265478
687314295
245879163


726134859
814569372
935278614
148926735
562783941
379451268
653812497
291647583
487395126


364125789
915738264
728694153
189576432
236489517
457312698
642953871
573841926
891267345


639142785
782356149
541897236
153784692
468529371
927613854
275431968
314968527
896275413


582134697
136579248
974682135
267451983
498367512
315298476
821746359
743925861
659813724


486123579
359764128
127589346
234678951
971435682
568912437
743891265
615247893
892356714


268143759
974256318
351798246
147832695
582679431
639415827
493567182
725381964
816924573


946132578
187546239
523789461
319628745
678453912
254917683
895374126
731265894
462891357


692134587
318675249
457928136
583217964
146593872
279846315
721489653
864352791
935761428


254163798
683729145
791458263
346517829
912834576
578296314
427685931
135942687
869371452


367214598
529387164
184659723
491562837
273148956
658793412
846931275
932475681
715826349


278314569
536279814
149586732
461927358
782635941
395148276
857491623
624853197
913762485


825314769
764298315
193576842
317849256
456123978
289765431
638452197
972631584
541987623


231468795
659172834
748539126
173954682
526387941
894216573
915723468
462895317
387641259


957124638
236578149
418396572
173965824
562843791
849712356
781239465
625487913
394651287


215734698
734896152
689512374
143625987
896471235
527389416
951268743
368147529
472953861


421365879
795182346
368479215
136248597
279651483
584937621
613894752
947526138
852713964


692314578
157698234
438572691
216739485
345286917
789145362
971423856
523861749
864957123


961243758
728165349
543897162
486721935
135489627
279536814
612958473
857314296
394672581


369124785
518367429
274598136
125943867
496785213
837216954
983451672
652879341
741632598


312456789
769128345
548793162
693247851
124685937
857319624
235871496
481962573
976534218


874123569
516498273
293567418
357614892
129385746
468279351
945836127
631752984
782941635


934125678
756483291
821697345
143269587
578314926
269758134
382571469
617942853
495836712


865214379
427395168
139678245
276549813
594183627
318762954
953421786
641837592
782956431


186234597
549617238
372598416
493165872
657382941
821479365
914826753
738951624
265743189


759312648
346798512
821465397
172834956
468259731
593176824
634927185
217583469
985641273


764123859
825796134
193548267
218439675
347685912
659271348
581967423
972314586
436852791


852316479
176492358
439857162
217569843
364128795
598734621
921643587
685271934
743985216


789124356
351678249
264935718
126583497
593746821
478219563
942867135
617352984
835491672


196243785
874165329
235798146
351879462
687412953
942536871
419627538
563984217
728351694


941325678
625178493
873694125
132749856
768513942
459286317
216437589
584962731
397851264


126345879
378129546
594687321
249563187
761298435
835471692
487916253
913852764
652734918


624513798
917482356
835796241
172354869
468129537
593678412
349267185
756841923
281935674


721435689
596182374
384796251
162374598
845629137
937851426
213968745
479513862
658247913


398125674
412637598
657489132
234916785
179258463
586743219
741392856
863574921
925861347


415283697
238697154
976145238
143562789
589471326
762938541
827314965
394756812
651829473


785132694
129465738
634879152
318926547
247351986
596784213
452693871
973218465
861547329


316274589
754198236
289365471
138659724
427813695
695742318
962431857
871526943
543987162


634125798
819347265
725896413
156479832
473268951
298513647
987651324
341982576
562734189


621354897
879261453
435789612
142973568
398516274
567842931
754198326
983627145
216435789


639215748
452738691
718496235
263154987
185679324
947382516
321547869
874963152
596821473


794213586
231586794
856749231
328154967
917862345
465397812
549678123
672931458
183425679


187329546
543617298
962458137
315274869
496183725
728596314
874931652
651742983
239865471


671253498
259481673
384679215
526148739
147935826
893762541
965327184
718594362
432816957


345162798
269387415
178594263
523419687
496728351
781635924
934251876
817946532
652873149


719423658
842165739
563798124
357281496
498576213
126349875
635817942
281934567
974652381


153246789
729813456
648597123
465372918
381965247
297184635
512739864
874651392
936428571


864123597
539674128
712958463
128497635
357862914
946531782
291345876
675289341
483716259


273145896
956238174
481769325
135624987
824917563
769583412
398472651
517396248
642851739


961235748
547186239
823497516
186573924
439812657
275964183
398751462
652349871
714628395


482153679
715296348
369487215
237961584
154738926
698524731
521349867
976812453
843675192


526143798
348579126
197682345
264798513
781235964
935461872
813926457
452317689
679854231


498123576
321567489
765489132
286714953
547932618
139658247
612875394
854396721
973241865


942135768
371468592
586927314
124359876
738246951
659781243
213574689
467892135
895613427


738214569
469537812
521896347
243179685
175628493
896345721
382451976
617983254
954762138


159423678
432678519
876159324
548317962
291586743
367294851
723861495
685942137
914735286


173524896
485169237
962783451
647231985
251698743
398457162
716945328
829316574
534872619


459123687
217568394
368479251
135692748
792814536
684735912
846357129
521946873
973281465


789214536
142365798
536897214
254178963
697453182
318629475
875932641
421786359
963541827


216345879
798216345
435789126
123468957
584937612
679521483
351892764
847653291
962174538


874125396
962734158
315869724
249613587
781952643
536487912
427596831
153278469
698341275


839124567
167359248
542768193
253981476
491672385
678435921
384217659
726593814
915846732


689317452
371452689
245698713
423165978
198274536
567983241
752839164
936541827
814726395


531427689
729186345
486359172
143895267
265713498
897264513
314972856
958631724
672548931


954213768
638479152
217856394
173524986
426198573
589367241
791682435
845931627
362745819


214356789
568479123
793281465
357128694
621945378
489763251
132597846
845612937
976834512


213456789
689127435
547389261
154793628
768214593
932568174
476935812
325871946
891642357


528314679
971286354
346795128
154623897
689157432
237849561
815962743
493578216
762431985


134257896
568193724
972648135
246835971
759412683
381769542
623981457
495376218
817524369


173254689
648193257
925687134
214936578
389572416
567841392
451768923
796325841
832419765


349125678
716489253
285376149
638754921
194263785
527918364
451632897
972841536
863597412


345218679
172469583
698573214
234895761
517346892
869127435
951682347
783954126
426731958


529134768
641287359
783596241
194725836
852361497
367948512
938412675
215673984
476859123


976123485
153468297
842597316
365219874
284375961
719684532
431956728
697842153
528731649


528137649
374692185
916845237
243719856
857426913
691583724
462378591
185964372
739251468


375214896
829365417
146789235
213856974
458972361
967143582
584637129
632491758
791528643


897213465
314586297
562497183
135629748
489735621
726148359
651974832
973862514
248351976


134265789
627891345
895347162
243158697
719623458
568479231
456912873
372584916
981736524


238146795
651297438
749358162
127435986
564981273
893672541
486519327
975823614
312764859


149325768
763184529
825679143
256943871
397218456
418756932
634897215
971532684
582461397


458126739
391457268
627389145
136578924
785942613
249613587
574231896
862794351
913865472


612347859
753298146
489516273
128673495
345189627
967425381
836954712
294731568
571862934


162345789
845179326
973628514
251463978
387591462
496287135
728934651
614752893
539816247


413258796
526379481
879461235
132586947
645927813
798134562
281645379
364792158
957813624


138246597
527193468
496587213
249871356
375469182
681325749
962754831
853912674
714638925


954123768
723684915
816759243
162498357
589367124
347512896
498236571
271845639
635971482


643125798
952784316
178639524
215498673
769351842
384267951
821973465
596842137
437516289


419325768
827164539
536789142
253918476
671243895
948576213
782691354
165432987
394857621


421356798
365897241
987412356
158273469
249568137
736149825
694721583
872635914
513984672


685124379
124397568
379658214
243576891
516983742
798241635
432869157
951732486
867415923


856134729
279685134
314279568
463521987
192768453
785493612
548912376
927356841
631847295


956124378
813576249
427389156
142763985
568492713
379851624
731648592
694215837
285937461


873125469
126479358
549638172
268754931
354291687
791386245
482513796
615947823
937862514


571234896
498156237
263798541
124367958
387519462
659842173
735921684
816475329
942683715


871324569
563719248
492568137
247136895
658297413
139845672
985671324
314952786
726483951


527163894
348729561
196485372
239548617
471936258
865217943
783651429
952874136
614392785


598124367
361578924
724369158
132987546
476215893
859643712
213796485
947852631
685431279


293164578
154782369
768359142
325916487
476238951
819547623
547891236
681423795
932675814


129534867
358167429
647289315
435628971
782491536
916375284
873946152
564812793
291753648


682137945
159246378
473859126
215684793
834975261
796312854
548721639
367498512
921563487


627315498
958247316
314689572
176538924
435926781
289174635
561792843
893461257
742853169


273145869
945682137
168379245
324951786
819764523
657238491
731826954
486597312
592413678


692134578
718259346
453867912
134582697
579643821
286791435
925318764
361475289
847926153


943152786
862734159
517896324
154369872
286471593
379528461
421685937
795213648
638947215


715236849
892451376
634798125
123685794
458972613
967314258
289567431
341829567
576143982


827134596
593627418
461895273
349271685
156489327
278563941
614958732
935712864
782346159


937214658
246583179
851769243
168495732
572638491
394127865
425971386
689342517
713856924


186324795
427195386
395687142
269531874
714268953
538749261
643872519
971453628
852916437


284136759
637259418
159487263
325961874
491875326
768324195
572648931
943512687
816793542


579214386
816357429
243896517
394582761
762149835
158673942
927468153
681935274
435721698


278315649
465792138
391468257
526174983
147839562
839256714
783621495
654987321
912543876


742136958
695284137
318957246
153728694
284369715
967415382
526893471
879641523
431572869


928134756
473526198
615879243
132798465
586243917
794615382
841357629
267981534
359462871


438125697
651794328
297638154
125463789
849217563
376589412
563872941
984351276
712946835


298153476
647829513
153467298
316248957
482975631
975631824
729386145
831594762
564712389


652413897
741829365
389567124
126345978
497186253
538792641
863254719
274931586
915678432


832164579
169572483
745839216
214358967
356297841
978641352
693415728
521783694
487926135


814236759
752194386
693587124
145628937
389715462
267349815
578461293
421953678
936872541


798213564
364587219
521694783
145378692
637429851
289165437
916842375
852731946
473956128


654123789
398576142
721948356
239851467
167492538
485637291
846215973
972384615
513769824


652314897
179268453
834597621
243156978
598742316
716839542
927483165
481625739
365971284


453126879
891437265
627859143
162348957
548972631
739561428
286795314
315284796
974613582


694123578
325478691
187569324
239781456
458632917
761945832
843257169
512896743
976314285


963127584
824536719
157498326
348279651
295614837
671385492
712843965
589761243
436952178


954132786
621478359
378569142
182743965
497856213
536921874
763215498
219684537
845397621


638214957
452397186
197865342
246539871
381472695
579186423
925641738
713958264
864723519


694512378
375684129
128793465
217356984
483179652
569248713
851437296
732965841
946821537


634217589
158394276
792856134
283169745
419725368
567483912
826571493
941632857
375948621


985124367
126375498
473896125
251489736
347652819
869713254
632948571
514267983
798531642


584123697
763489152
192675438
317268945
458937261
629514873
845792316
271346589
936851724


157243689
329568417
846917235
465132978
793684521
218795346
571329864
682451793
934876152


734215869
659384217
821769345
145632978
368597421
297148653
973421586
582976134
416853792


152436879
784195263
936278145
418362597
369751482
527849631
645917328
271683954
893524716


974125638
865437219
231698547
352781964
147269853
689354721
418576392
593842176
726913485


294318675
781562349
356749812
428137956
639485721
175926438
917654283
562873194
843291567


918325467
465718923
237649185
143267859
729584631
856193742
592476318
384951276
671832594


243517698
579682143
168349257
315276984
496158372
782934561
831465729
627891435
954723816


214537869
859162347
736498215
148325796
375986421
962741583
627859134
481673952
593214678


743125698
621489537
859673142
135864729
467392815
298517463
374251986
516938274
982746351


385124697
271569483
496738215
539812746
127346859
864957321
612493578
948675132
753281964


984125367
512367849
637489215
258913674
149678532
376542981
891756423
763294158
425831796


183245679
746319528
259768341
412583967
568197432
397624815
631852794
975431286
824976153


984215376
731648295
652937418
128596734
475183962
396472851
219754683
563829147
847361529


314257698
985361247
627894531
236548179
798132456
541976823
169423785
852719364
473685912


592137468
314268597
768549132
276354981
143986275
859712643
631895724
487621359
925473816


531427869
297168345
648395712
154873926
369214587
872956431
425639178
986741253
713582694


875132469
962745381
134986275
247568913
359417826
681329754
596273148
428691537
713854692


851234697
294167583
673598241
125879436
386421975
749653128
918345762
567982314
432716859


693124758
587369142
412857396
134286975
278591634
956743281
729415863
341678529
865932417


982134567
631527894
457698132
169285743
378941256
245763918
726419385
513876429
894352671


176325489
524198367
983467125
419736258
368254791
752819643
835672914
647981532
291543876


821364597
567219483
394587216
678152934
142973865
935648721
453896172
219735648
786421359


315627489
724198356
698354271
437265198
186739524
952481637
869543712
273816945
541972863


285134679
471269358
693758214
147596832
526873491
839412567
714685923
352941786
968327145


152346798
893172456
647589132
214895367
389617245
576423981
735264819
961738524
428951673


182354679
593176428
476289315
357862941
614935782
829741563
741523896
238697154
965418237


691243857
427185396
835697124
178429635
346851972
259736481
912374568
763518249
584962713


893124657
241576839
576389124
327915468
184637295
659248371
915463782
762851943
438792516


324157896
856249137
179368245
513972468
498536712
762481953
681795324
235814679
947623581


471253689
689417235
253869174
145732968
798146352
326598417
962385741
834971526
517624893


891234576
237568419
546917238
328159764
179486325
465372981
652741893
783695142
914823657


436215879
217398564
958467312
549136287
781542693
362879145
124783956
673951428
895624731


768125349
519346728
432789156
146952837
387614592
295873614
624538971
973261485
851497263


657123498
824596173
319874562
473281659
961357824
285469317
598642731
142735986
736918245


251374869
893216457
476859132
149567328
528943716
367182594
934721685
615498273
782635941


972134568
438562791
615789423
356218947
147953286
289476315
721845639
564391872
893627154


147235689
326189457
985746213
234698571
518473962
679512834
761824395
892357146
453961728


265143879
734298165
891756234
329471658
158632497
476589312
643927581
517864923
982315746


248163579
617495238
953872146
386517492
529346817
174289365
732651984
461928753
895734621


652138479
934276518
187459236
349812657
215367984
768594321
573941862
421685793
896723145


674213598
893456271
125798634
418327965
257169843
369845712
531972486
986534127
742681359


479135268
361248795
258769134
125497386
734681952
896523471
942356817
587914623
613872549


328145697
459627138
176839254
213794865
645318729
897256341
961573482
784962513
532481976


178325496
429176538
635489217
217538964
394261875
586794321
951643782
763852149
842917653


749213586
368475219
215869734
426397851
531648927
897152643
652934178
184726395
973581462


475162389
369478152
821593674
132754968
648921735
597836241
213685497
756249813
984317526


249153867
637248195
815967243
193824576
572691384
468735912
924316758
751482639
386579421


134256789
967148235
582379614
293561847
615784923
748932561
876493152
329815476
451627398


963124587
258376194
147859326
389762451
526418973
471593862
832645719
614987235
795231648


314265789
978134265
562789341
256418937
497326518
831957426
145893672
789642153
623571894


928314657
514726389
736895214
259137846
167248593
843659721
492563178
675481932
381972465


863124579
512679384
749835261
236418795
157396428
498257613
381562947
674983152
925741836


871326459
439157268
625498137
147283596
293615874
568974312
712549683
384761925
956832741


913425786
486137925
527689314
142573869
879264153
365891472
751942638
634758291
298316547


512436789
438279516
769185432
123798645
647352198
895641327
384527961
251964873
976813254


724135869
358296174
691478325
165347982
439812756
287659413
812964537
543721698
976583241


621345789
493187265
587269134
268714953
139652847
745938621
856471392
312596478
974823516


127346859
839251467
546798123
364182975
791465382
258937614
485679231
972813546
613524798


534216798
762839451
891475326
256793814
143682579
978154632
615328947
387941265
429567183


264135789
389427615
157698234
472986153
618253947
593714862
825371496
941562378
736849521


196423758
547186293
328795614
215369847
673841529
489257361
861932475
754618932
932574186


376128459
941536782
258479361
623715894
495682137
187394625
532847916
719263548
864951273


538124679
491367285
276859413
324791568
187536924
659482731
863975142
912648357
745213896


715238649
346915278
982467315
168594723
274183956
539726481
821349567
453671892
697852134


437126589
189354267
526789143
213698754
954273618
678415392
761942835
395867421
842531976


751234869
863519247
429678135
348125796
175496382
296387451
937862514
684751923
512943678


752134896
861592347
934687152
279461538
185379264
346258971
493826715
627915483
518743629


689124537
214357698
573869124
147593862
325678941
968241753
491735286
752486319
836912475


931245678
574386291
286719345
145827963
329564187
768193524
817632459
693458712
452971836


361524798
945178263
278369415
423651987
196287354
857493126
782946531
514832679
639715842


864123795
273459168
951678234
186345927
725986413
349712856
498561372
637294581
512837649


514236978
783491526
269785143
157824639
326179485
498653217
631947852
845362791
972518364


761239548
538146792
492587136
649325817
287614953
153978624
974853261
316792485
825461379


284153769
657924183
193768452
526491837
319875246
748236591
435617928
872349615
961582374


629134578
451287639
837596412
195423786
268971354
743865921
914758263
586342197
372619845


958312476
374658192
216749358
139276584
627584931
485193627
742931865
863425719
591867243


745123896
826549713
931678245
182495637
354786921
679231584
263854179
417962358
598317462


794215368
316487529
852396174
265143897
937628415
148759632
423871956
581962743
679534281


978213465
534786129
621459378
345128697
187694253
269375841
753842916
416937582
892561734


932416785
718523649
564789213
157364892
296158374
843297561
671932458
389645127
425871936


948213567
563478129
127596348
459732816
831965472
672184935
394827651
716359284
285641793


415236897
678149253
293587614
132498576
869725341
547361928
356914782
781652439
924873165


732145689
895263147
416798253
247851396
359672814
681439572
968527431
123984765
574316928


946213578
352478169
187569243
273194856
418756392
695832714
821947635
534621987
769385421


936214785
254897316
187356294
348165972
512789463
679423851
421678539
893541627
765932148


819324576
753186249
246579138
328491765
175263984
694857312
481932657
937645821
562718493


243156978
769283451
581479263
326914587
457368129
918725346
872591634
694832715
135647892


863142759
945837162
271596483
354618927
629754831
187329645
718265394
596473218
432981576


217435689
563892147
498617325
675341892
942568731
381279564
826754913
154983276
739126458


173245689
825169374
496378125
218597463
739614258
564823917
657932841
381456792
942781536


396124587
841375296
572689143
123867459
468592731
759431628
637248915
914753862
285916374


267134598
539628147
148597236
382741965
691285473
475369812
854973621
716452389
923816754


628143597
793265814
145789362
237856941
416937258
859412736
561378429
372694185
984521673


123458769
479261358
586739124
347192586
815346297
962587413
634915872
258673941
791824635


513426978
248179365
796538142
467351289
185297436
932684517
624815793
859743621
371962854


453216897
976385124
812479356
239164578
145798263
687532941
368927415
794851632
521643789


831524679
927361458
546789123
158437296
479256381
263198547
784615932
315972864
692843715


456127839
283495167
971386245
367254918
548961723
129873654
695742381
812539476
734618592


528143679
347269815
619785324
184532796
936478251
275916483
853697142
462851937
791324568


486213957
275498163
931657248
598146372
324579681
167382495
719824536
853961724
642735819


683214579
574396218
192587364
247638951
369125487
815479632
936841725
758962143
421753896


276318549
485679132
391452687
124987365
738265914
569134728
657823491
843791256
912546873


314256789
987134265
526789134
235691478
178542693
469873521
642918357
793425816
851367942


381425697
756391842
924678513
135764928
268159374
497283165
572936481
613842759
849517236


392154687
817236459
654879123
236591748
178642935
549387261
725968314
481723596
963415872


534127689
869345271
172689354
657834912
243951768
918276543
321568497
486792135
795413826


793152468
412836957
568497123
147628395
356719842
289345671
821564739
974283516
635971284


745123869
326849157
891675234
137586942
458297316
962314578
589761423
273458691
614932785


271354869
468179253
593268714
127593486
859746321
634821975
315487692
982635147
746912538


913245687
276138549
584679132
325917864
149386275
768452391
632791458
457823916
891564723


738124596
615839472
249567138
394781625
157692384
826345719
481253967
563978241
972416853


187423596
256198347
493576128
312847965
749365812
568219734
975634281
631782459
824951673


582314796
913576284
674829351
245183967
198267543
367495812
726951438
451738629
839642175


386215479
742389165
591476382
159823647
637594821
824167953
978632514
413758296
265941738


267134859
591286734
384579162
618327945
935461287
472958613
823695471
156742398
749813526


826315749
915476238
743928156
158293467
279164583
364587912
437659821
581732694
692841375


576123489
983546127
421798635
657231894
142859763
398467251
715982346
234675918
869314572


234175689
589246317
716389254
125764893
478931526
963852741
652493178
841627935
397518462


412356879
735891462
896274351
243168597
159437628
678529134
964713285
587642913
321985746


437512698
561389247
928476513
276195384
184263975
359748162
613857429
845921736
792634851


518243967
647519283
392687154
126475839
934128576
875936412
453791628
769852341
281364795


294137586
836452197
751698342
123975864
467281935
589346721
345769218
918524673
672813459


289153467
134726589
675498132
427635891
893241756
561987324
752819643
918364275
346572918


265137849
734829156
819456273
428693715
173584962
596712438
941368527
652971384
387245691


826135479
137469285
459287316
518923647
792648153
643751892
961872534
374516928
285394761


641329857
532781496
987654132
256917384
173248965
498563271
314876529
729435618
865192743


816234795
495167382
723859416
132786954
647395821
589421637
974518263
261973548
358642179


941325768
835467291
276891345
328954176
419276583
567183924
784512639
653749812
192638457


957124836
143856792
682379415
218543967
395762184
476981523
764218359
531697248
829435671


481253769
396714528
257869143
165437982
923586471
874192356
712948635
649325817
538671294


719235684
685417329
324968715
142693857
867152493
593874162
456789231
231546978
978321546


829134675
714526398
563798412
358217964
146859723
297643851
971385246
632471589
485962137


647215893
892346517
351897246
123759684
469183725
578624931
715932468
936478152
284561379


582134697
167295384
943768125
319452768
675981432
428376951
834627519
756819243
291543876


263415879
957238461
481697235
395174682
814362957
726859143
132746598
548923716
679581324


419325687
683147259
725698134
254819763
368754912
971263845
196432578
537986421
842571396


837216549
562349178
149578326
273864951
915732864
486195732
654983217
391627485
728451693


