789125463
536478912
142369758
263751849
915843627
478692531
324587196
851936274
697214385


287315649
146279358
953486271
518934726
374162985
629758413
892641537
435897162
761523894


159243687
843617259
627859143
384176592
571924836
296538471
418792365
935461728
762385914


759123684
213846795
846795321
132478569
495632817
678519432
521367948
967284153
384951276


641238795
953174268
872596134
135427986
467819352
298365471
519643827
784952613
326781549


364125789
978346251
521789463
237614598
189537642
456298317
695873124
742961835
813452976


348216957
627359184
915487236
234965871
789134625
156872349
561723498
472698513
893541762


457123698
163589427
982674351
235967814
649218573
871435962
518392746
796841235
324756189


574123869
198564237
362978145
246731598
981452376
735896421
829645713
457319682
613287954


813425769
547396182
962781435
186237954
239548617
475169823
721654398
658973241
394812576


681325497
725419638
439786152
156238749
897654213
243197586
374961825
918572364
562843971


129534786
467182359
385796124
238619547
574328961
691475832
812943675
953267418
746851293


928134657
517862394
634597128
179453286
856271943
243986715
391645872
785329461
462718539


835126479
194587362
672493158
257614983
916358724
348279615
781932546
563841297
429765831


974215368
562348197
138769542
451673289
386192754
729854631
245931876
613487925
897526413


359216487
741583926
286497135
823154769
164379852
597628314
932845671
418762593
675931248


864127593
932456718
751839426
173945862
285361974
649278351
398712645
517684239
426593187


953217648
186435279
247869135
324756891
568194327
791382456
672541983
439678512
815923764


841327569
572169348
396485127
237518496
458976213
169234875
614893752
723651984
985742631


894213567
153697284
726548913
347156892
589372641
261489735
672934158
418765329
935821476


498213567
673458219
125697483
219874356
354169872
786325941
531742698
847936125
962581734


234157689
975368142
681429357
327981564
456273918
198546273
519834726
743612895
862795431


215347689
734689152
986152374
327591468
148736295
569824713
873465921
491278536
652913847


852137694
471269583
936458712
243786951
689521347
517394826
128675439
794813265
365942178


837126459
241597683
965438271
358271964
479365812
612984735
183642597
794853126
526719348


948213567
213567894
657489123
325178946
194635278
786924315
461352789
579841632
832796451


435217698
287369154
961584273
124976385
678435921
359128467
813652749
542791836
796843512


963214578
145738296
278695431
329176845
481523967
756489312
837951624
514362789
692847153


967213548
182457369
345698127
416935872
538726491
729184635
873562914
694871253
251349786


134275896
895136472
672894153
246751938
358469721
917382564
721543689
563918247
489627315


142536789
935784261
687129435
254618973
769352814
318497652
596843127
473261598
821975346


298314567
576298134
143567289
412973658
687145392
359682741
731459826
965821473
824736915


489215367
256374198
137698254
324186975
571942836
968753412
813527649
792461583
645839721


394125687
182467395
576839214
247581963
819346752
635792841
951278436
428653179
763914528


321475896
459186372
786239415
245891763
617352948
893764521
938617254
562948137
174523689


597216348
682345719
314798256
438572961
279164835
156983472
765839124
921457683
843621597


384172596
219536478
576489132
125964387
497328615
863751249
632847951
958613724
741295863


168243597
457196328
239857164
784562913
392781645
516439872
671325489
945678231
823914756


826134597
375629814
491785236
152463978
689517342
734298651
513842769
948376125
267951483


268134597
795286134
413597682
129478365
587613249
346925718
674851923
832769451
951342876


351247689
284169375
679538241
125376498
893425716
467981523
546892137
912753864
738614952


162345978
359178246
847296351
284963517
596712483
713584629
625831794
938427165
471659832


371524698
846193527
295687341
539478162
462931875
187265439
613752984
758349216
924816753


892314567
174265389
563798214
218543796
649172853
357986421
431859672
786421935
925637148


976123548
512486397
834795261
125638974
469217853
387549612
798364125
641852739
253971486


156423879
984175326
327896415
215687943
479351268
638249157
891762534
742538691
563914782


749125638
258367194
361849527
182473956
493586712
576291843
815732469
627914385
934658271


649123587
312857496
587469123
234598761
896741235
175236948
421385679
763912854
958674312


283145697
546279381
197368245
312957864
469831752
758426913
874593126
935612478
621784539


795213468
318496572
426578139
164382795
539167824
287954316
642735981
953821647
871649253


741235698
352896417
968147523
439721856
175368942
286459731
897513264
514672389
623984175


127436598
859217364
634589127
296175843
518394672
473862951
785943216
961728435
342651789


249136578
375428169
618579234
167385942
982764315
453291786
826913457
591647823
734852691


624315789
538279146
917486235
186594372
472638951
395127468
241853697
753961824
869742513


269315487
785426319
314798625
152684973
896273154
437159862
573841296
621937548
948562731


927134568
416285379
358769142
245973681
789621453
163548927
574392816
691857234
832416795


435126798
276498135
189735264
312647859
768359412
594812376
623581947
951274683
847963521


871243569
924156387
356789142
243961758
185427693
769835214
692318475
537694821
418572936


975123468
186457239
234689175
342561897
718932546
659874321
463718952
591246783
827395614


984123567
173456829
526978431
365281794
217694358
498537612
741369285
659842173
832715946


524136897
716498325
398527461
169354782
457289613
283671954
672913548
841765239
935842176


986124375
132567489
475389621
218473596
397658142
654291837
541932768
723816954
869745213


241356897
678149325
935287164
354618972
726593481
819724653
582461739
493875216
167932548


572316489
981274356
364598172
139652748
628147593
457983261
746831925
893725614
215469837


948123567
326457198
715689243
153794826
687235419
294816375
569341782
871562934
432978651


491326785
837451296
625897143
153269874
768145329
249783651
312574968
974618532
586932417


837219465
649357128
512468793
173594682
254876931
968123547
391685274
426731859
785942316


384216579
197453286
526879431
215397648
649185723
738624915
961732854
473568192
852941367


468123957
395647281
172859364
239761845
714385629
586492173
951276438
643518792
827934516


248135796
351697248
679248153
134856972
526479831
897321465
915762384
783514629
462983517


495128367
621374859
387569124
132486975
579213648
846957213
213845796
758692431
964731582


482153679
167249385
359867142
234791568
618435297
795682413
971324856
526918734
843576921


798213564
125648793
634579128
283197645
516432987
947865231
361954872
452786319
879321456


693127548
251468793
478359261
364782915
127935684
589614372
945873126
736241859
812596437


564123789
298475163
137698425
682314597
319752648
745869312
923541876
456287931
871936254


281345697
539176248
674892513
397264851
468519732
125783964
953428176
742651389
816937425


895124736
147356829
263798451
412983567
379615248
586247913
651872394
734569182
928431675


568123749
942785163
173694258
234517896
719368524
685942371
896251437
351479682
427836915


174325689
258496713
936718254
345267891
682149537
719853426
527631948
891574362
463982175


496123587
213857649
875694132
187346925
542719368
369285714
934568271
728931456
651472893


231546978
795218634
468793521
156389247
379425186
842167395
513872469
627954813
984631752


145236798
923187546
867549132
256418379
479362851
318975264
682754913
534891627
791623485


165234789
932578416
784691235
219367854
478152693
356489172
697843521
523716948
841925367


764213598
982456137
153789264
235197486
698542371
471638952
847925613
526371849
319864725


321456789
974812365
856793142
238165497
149278536
765349218
582631974
493587621
617924853


482136579
369257481
715948326
236871954
547369812
198425637
821693745
953714268
674582193


423615798
659287314
781349256
278136945
196524837
345978621
914762583
862453179
537891462


548123679
239567148
671948253
324751986
195836427
786492531
417289365
862315794
953674812


728143569
145796238
936528174
314275896
289634715
657819342
461382957
893457621
572961483


417325689
265489137
389617542
176853294
892174365
534296871
921768453
653941728
748532916


169324578
743581296
528976341
314269857
657138429
892745613
231657984
475893162
986412735


632145789
597283461
184679523
213498675
879536142
456721938
921364857
748952316
365817294


425137698
316289475
978645231
264351987
587496312
139872564
691724853
743568129
852913746


479512368
681437529
523869471
134275896
857396142
962148735
716983254
298754613
345621987


682314579
475269138
319758462
257436891
893172654
146985723
928547316
761893245
534621987


913426587
427583169
658719423
165274398
289635714
374198256
732961845
591847632
846352971


917234568
458167239
236895147
529318476
673549821
841726395
164983752
385672914
792451683


965123487
412758639
387469152
236581794
571942863
894376521
159634278
723815946
648297315


281435769
695287341
734691582
156329478
378154296
942876135
567942813
413568927
829713654


142356897
683197425
795284613
259648731
467913582
318572946
931465278
826739154
574821369


549213687
231867495
678495132
184652379
756139824
392784516
463928751
827541963
915376248


218435796
937168452
645279813
359817624
164392578
782546931
523784169
491653287
876921345


458312679
912567384
763894521
239178465
185436297
647259138
571683942
826945713
394721856


427315869
869247153
513698427
392584716
754169382
186723945
675831294
248976531
931452678


713245689
452689137
689317254
194538726
368472591
527196348
976853412
845721963
231964875


139245678
468137259
572689314
326914587
784526193
915873426
853762941
691458732
247391865


942613578
157289364
863457129
385162497
471398652
296574813
628931745
534726981
719845236


869124375
312576498
547389126
495213687
136798542
278465931
951837264
684952713
723641859


923415678
467382159
815796234
374169825
586237491
192548763
731654982
258971346
649823517


975126834
163458792
482379651
219783546
347965128
658214973
521647389
734891265
896532417


765124389
832956174
491387265
128643597
956278431
374591826
683419752
249735618
517862943


437126859
819357426
526498137
364285971
192674385
758913642
245869713
981732564
673541298


379142685
561837294
284596713
146359827
738421956
925768431
613284579
452973168
897615342


763142589
524389716
891756234
347621958
259873461
186594327
615937842
478265193
932418675


538142796
271369485
694578213
487651932
359824167
162793854
815437629
946285371
723916548


351264798
968157243
247398165
174832659
639715824
825649317
793421586
516983472
482576931


519234768
274586193
638719425
326178954
185942637
497653812
763421589
841395276
952867341


976213485
583496172
142758369
219365847
358974216
467182953
824637591
795821634
631549728


734125968
286349157
519678243
345962781
628417539
197853426
473581692
862794315
951236874


237419586
851362497
649587123
165248739
324796815
798135264
473921658
516873942
982654371


492315867
761248359
583796142
257134986
619852473
834679521
378521694
926483715
145967238


896213475
152467389
473598261
235974618
941386527
687152943
569721834
318645792
724839156


314256897
925178436
876394152
182745963
469823715
537619284
641932578
753481629
298567341


348215697
725396184
196784325
483162759
217958436
569437812
971543268
634829571
852671943


897213546
614578293
253496718
126357984
549682371
378149625
762834159
431925867
985761432


853412697
967358412
241679538
324186975
179534826
586297341
718963254
495821763
632745189


438612597
291375486
756894231
527143869
189267345
643589712
872931654
964758123
315426978


687213549
419657283
523498176
168342795
392576814
745189632
874965321
936721458
251834967


251346897
348197625
769528314
136784952
594213786
827659431
985461273
672935148
413872569


238514769
794236158
615789243
159462387
486973521
327158496
563841972
941627835
872395614


624317895
351289467
789456213
132874956
847695321
596132748
473961582
218543679
965728134


689132457
154678392
237495618
325946781
796821534
418357926
562713849
841569273
973284165


718234695
236597184
945618273
427361958
589472361
361985427
152746839
873129546
694853712


824163597
369572418
571894362
156487923
793251684
248639751
637918245
415726839
982345176


931247658
648351792
572689143
129436875
387125964
465798321
216573489
853964217
794812536


384215967
719346285
265879134
123768459
478952316
596134872
931627548
642583791
857491623


731245896
462198753
589673142
273814965
194567238
856329471
627431589
345982617
918756324


926143578
531287469
487569123
142678935
369452817
875931642
713896254
694725381
258314796


742135689
853496127
619728453
125674398
374289516
986351742
467912835
238547961
591863274


964128357
172354698
538679124
217865439
345291786
896743215
683917542
429536871
751482963


362174859
549682137
781539264
235917648
196348725
478256391
653791482
914823576
827465913


249316578
518427639
673598142
127865493
356249781
984173265
765982314
492631857
831754926


712345689
589126734
643789152
237918546
856472913
194563827
375291468
461837295
928654371


427153689
138296457
695478123
516932748
783541296
249867531
871324965
962785314
354619872


852314769
361279458
497685213
134568972
578192346
629437581
785921634
913746825
246853197


489213567
215476389
763895241
594387612
136529478
872164935
941732856
657948123
328651794


692314578
843572196
715698423
256137849
189465732
374829651
928751364
437286915
561943287


159236784
346187259
728495316
461972835
283654971
597813642
975321468
814769523
632548197


687215439
124396578
539487216
291873645
358624791
476159823
815732964
942561387
763948152


258143679
419267385
763589421
126954738
397812564
584736192
942671853
635498217
871325946


186239457
943175628
275468139
354817962
712694583
869523714
431952876
528746391
697381245


579312486
426789135
831456729
145297863
397168542
682543971
764931258
953824617
218675394


821346759
576192348
394578162
145729836
289635471
763481295
657214983
418963527
932857614


836124957
724359168
915678243
247816395
193745682
568932471
681593724
479281536
352467819


798312456
613475298
524698731
146259873
235867149
879143625
467931582
352786914
981524367


547216398
621839457
893475162
132654879
458792613
976183524
715328946
284961735
369547281


124356798
856197234
937248165
349872516
215463879
678915423
582739641
791684352
463521987


541326789
396718245
278459361
485631972
139274658
627895134
914567823
752183496
863942517


863127549
972453618
145869237
214975386
396281754
587634921
629518473
438792165
751346892


728134659
143695728
956278314
217863945
385749261
469521837
631957482
892416573
574382196


435126879
167389452
982475163
274561398
358297614
691843527
713954286
529638741
846712935


164327589
528619374
397548216
216893745
473265891
859471632
745982163
682134957
931756428


673125894
418639572
295478136
136782945
729514683
584396721
942851367
361947258
857263419


568124379
142379568
379586124
257468913
694213785
813957642
421735896
785692431
936841257


519243678
238567491
647819253
123698547
786435912
495172386
864921735
352784169
971356824


127346589
853129467
946578213
379285641
284691735
561734928
415963872
798412356
632857194


581326749
247195386
639487512
124839657
875264931
963751428
358972164
712643895
496518273


426153798
581279364
739468152
153982476
267534819
894716235
945327681
318645927
672891543


926143578
731285496
485679321
254938167
368714952
179562834
543827619
817396245
692451783


714253689
829164357
635798142
143682795
297541836
568937214
386425971
472819563
951376428


327154689
146398572
895627134
214876953
738549261
569213748
981465327
673982415
452731896


172354689
893267154
654819273
235986741
746123598
918745362
521698437
487531926
369472815


612348759
854791362
973526481
245169837
136487925
789235614
427853196
568914273
391672548


798214536
125367498
463589712
219746385
586123947
347958621
952631874
871495263
634872159


352146789
879235164
146798253
218369475
697514328
435872691
923681547
764953812
581427936


715234689
683195274
294867135
147689523
529713468
368452917
952376841
836941752
471528396


156243978
928517364
473689215
319425687
567198423
284736591
892374156
631852749
745961832


246315798
518497326
397682415
459236871
782149653
163578942
821964537
975823164
634751289


687123495
134597826
592468371
213675984
859241763
476389512
328914657
965732148
741856239


261354798
573298614
984617235
126835947
739146852
458729361
647583129
892461573
315972486


573124698
164589372
928673145
215347869
687951234
349862751
731295486
892436517
456718923


712345698
493168527
568279341
136754982
284913756
957826413
841697235
379582164
625431879


184236579
735149628
269758134
326475981
418962753
957381462
691827345
873594216
542613897


478132695
652489713
193567248
215974836
746328951
389651427
821795364
934816572
567243189


567312948
248679153
193485672
354167289
629538714
781294365
916843527
832756491
475921836


697123458
425678139
813945276
132786594
946531782
578492613
254819367
369257841
781364925


461273589
752698134
893514267
178459623
526137948
349826751
284761395
637945812
915382476


469312857
372568194
518794263
235147986
947856321
186239475
893671542
754923618
621485739


475126389
263598714
981374526
396215847
728643951
154987632
839461275
542739168
617852493


637218945
914357268
852469137
176935824
283174659
495826713
528741396
761593482
349682571


639124785
247538619
158796423
415382976
392657841
786419532
564273198
821945367
973861254


389152467
547936128
216478395
458321679
692847531
731695284
125769843
873214956
964583712


693125478
412687359
857439216
235716894
946358721
178294563
389571642
724963185
561842937


869132547
215487639
734659218
326571984
198324756
457968321
573846192
982715463
641293875


169423578
574168293
283597146
492316857
615784329
738259614
327841965
941635782
856972431


581246793
243197568
679358421
325984176
768531942
194672835
432715689
957863214
816429357


415236978
389157426
762489153
238641597
196875234
547392681
953764812
824913765
671528349


164235879
235978614
789614325
346521987
597863241
812749563
621397458
978452136
453186792


638142759
259367481
471589326
185724963
794635812
326918547
562893174
813476295
947251638


821345769
596127384
374698152
162984537
435712896
789563241
613259478
947831625
258476913


568213794
243579168
719468235
457192683
326845971
891637452
972381546
134956827
685724319


725134689
431689275
869572314
176325498
958467123
243891567
392756841
684913752
517248936


274315896
389426175
516789324
425173968
637948512
198562743
963251487
841637259
752894631


374219586
281563479
965478123
538192647
612745938
749836215
823951764
496327851
157684392


845123697
631479258
927685314
358296471
169347582
472518936
513764829
784952163
296831745


534126789
179348265
682795143
213857694
798614352
456239817
865473921
341982576
927561438


458123769
931657248
762489315
176534892
589271436
243896571
897362154
615748923
324915687


962415378
785236149
143789526
419357862
276148935
538962417
851623794
327894651
694571283


513264897
862179345
974385162
358642971
697851234
241937586
126493758
789516423
435728619


837214695
695378214
241569783
328157946
159846372
476932851
714693528
962485137
583721469


826143759
537629418
419587236
265871943
148935627
793264581
352798164
674312895
981456372


824153796
176249538
539768124
297835641
341672985
658914273
962381457
413527869
785496312


379142658
126785394
584693127
218467935
493528716
657319482
941256873
835974261
762831549


596127834
832456197
741389526
368271945
125894673
479563218
284935761
917648352
653712489


841253679
395467128
672819435
153982764
487136952
926745813
538691247
219374586
764528391


917235486
456781239
823469157
132956874
649178325
578324691
261897543
395642718
784513962


263148597
158279634
947356281
781463925
692815743
534927816
479581362
316792458
825634179


658123497
127469385
493587216
275934861
381672954
946851732
814296573
532718649
769345128


157243869
469518723
328679145
514826937
792134658
683957412
936482571
871365294
245791386


513246897
678195324
942873156
126758943
795432681
384961572
239684715
861527439
457319268


428135697
561794328
937628451
142587963
385469172
679312845
794853216
856241739
213976584


426153789
351789246
798426135
539812467
617945328
842637591
183564972
275398614
964271853


712345689
546189237
389672415
257461893
438957126
961238574
823594761
195726348
674813952


248163597
961275384
735849162
173682459
456937218
829451736
394716825
582394671
617528943


974128563
251364789
368759124
425816937
617493258
893275641
536987412
189542376
742631895


372415689
985263471
641897235
128574396
539126748
467938512
853641927
214759863
796382154


623145879
459387162
817926345
346251987
195478623
782693514
271839456
538764291
964512738


735124869
984356172
612879435
243715986
168932547
579648213
826493751
391587624
457261398


724135698
938264157
615789423
357912846
169847235
482653719
576491382
291378564
843526971


983214576
645387912
217569438
136472895
574896321
829153764
358721649
462938157
791645283


564123897
793648215
218795346
129587463
485236971
376419528
631952784
957864132
842371659


183425697
579316248
624879315
417293586
395168472
268754931
831642759
752931864
946587123


785124693
623759148
194368527
316972485
578431962
249586371
451297836
967813254
832645719


483162597
129375648
657489132
216953784
398714265
745826913
974231856
861547329
532698471


597123468
184756239
623849157
346582791
215697843
879314625
931268574
768435912
452971386


856213497
941576823
327894156
135489672
268735941
794162538
419328765
583647219
672951384


192345678
578216394
346897152
219738546
637524981
485169237
721983465
863452719
954671823


752134698
834269157
961875234
127453986
648921375
395786421
219547863
583612749
476398512


647132598
823594167
159768423
238651974
495873216
716429385
562947831
971385642
384216759


897123465
235746189
164598372
326917548
458632791
719485623
971854236
542369817
683271954


963215847
571348296
824697315
248563179
135972684
697184523
456829731
389751462
712436958


873124569
541796328
926538147
139482675
264357981
758619432
482961753
695273814
317845296


375124689
481396275
926578413
254931867
619487532
738265941
547819326
862753194
193642758


867132594
245697183
391458627
152369478
638741952
974825361
519274836
783916245
426583719


714328596
528691374
369547128
483215967
192736845
657489231
231864759
945172683
876953412


582143697
396725184
147698235
469237851
823516749
751984326
275369418
914872563
638451972


935214678
641587239
278639145
152348796
387962451
469175823
823496517
596721384
714853962


413726859
685193472
297485631
529618743
346279518
871534926
768341295
932857164
154962387


163524789
947168253
825793416
314256978
296837541
578419362
431985627
789642135
652371894


145236789
867549231
932781546
213658497
486197325
579423618
321975864
658314972
794862153


439215786
287369541
156478329
362854197
891732465
574196832
915643278
648527913
723981654


641235879
923678451
857491263
364129587
512783694
789546312
496812735
238957146
175364928


643217589
587369142
219485376
135746298
492158637
768932451
876523914
951674823
324891765


167238549
482591673
395476182
278614935
619385724
543729816
924157368
831962457
756843291


241356798
867219345
593784162
129678453
675423819
438591627
954867231
382145976
716932584


598123647
376458219
214976385
135764892
942835761
867219534
623591478
781342956
459687123


197234568
562187349
834569217
273456981
489712653
615398472
926841735
751623894
348975126


624137598
198452637
357689241
576394812
483215769
219768453
765921384
932846175
841573926


248157639
153269784
769348125
327495816
914836257
586721943
692514378
471683592
835972461


981236457
235147896
674589123
152694378
349718265
768325941
826973514
417852639
593461782


347125968
186439257
529786143
215697384
693548721
874213596
431962875
958374612
762851439


238154769
156379482
749628513
465813927
317296845
892745631
983561274
624937158
571482396


395124687
782356149
641978325
169245873
428763591
537891264
976512438
253487916
814639752


729134658
431586279
865279143
247951836
158362497
396748512
512893764
683417925
974625381


532164798
748295136
196378542
315729864
264853917
879641253
681937425
427516389
953482671


834125796
971364258
526789431
159673842
487592163
362841975
643217589
298456317
715938624


345217689
781369425
629548137
164732598
297856314
538194276
452973861
876421953
913685742


719325648
328461759
456798231
163274985
894516327
275839164
682157493
941683572
537942816


528134769
467259138
391768245
246381597
739526481
815947326
683475912
174892653
952613874


385124697
467395182
219678534
523781946
678439251
194256873
836942715
751863429
942517368


194236587
368157429
275489361
516843972
489712635
732695814
927364158
651978243
843521796


316254789
527198634
849637152
152376948
493581276
678942513
781429365
934765821
265813497


648123597
793456281
521897436
139745862
257368914
486219753
912534678
375682149
864971325


928143657
673258194
451976832
236517489
184639275
597824316
812765943
749382561
365491728


261345879
985176234
734298156
173652948
428937615
596481327
649523781
317864592
852719463


659213487
821467359
437895261
183729645
276534198
945186723
518342976
364978512
792651834


716239458
983451627
542786913
139674582
268915374
475328169
894162735
627593841
351847296


348215679
651397248
729468153
465183927
172649385
983572416
296851734
537924861
814736592


932415768
517268349
648379125
374156982
159823476
286947531
463592817
825731694
791684253


491235768
265187349
783469512
346518927
578942631
129376854
857624193
612793485
934851276


469125387
258347169
173698425
314962758
697583214
825471693
986714532
731259846
542836971


632145897
815796234
479328156
247619583
153487962
968253741
781964325
394572618
526831479


486172359
235489176
917365284
574931862
128657493
369824715
641793528
792548631
853216947


781234596
456791283
329586714
132648975
548179632
697325841
264817359
975463128
813952467


361254789
289317564
745698312
198543627
427169835
536782941
852931476
674825193
913476258


835124769
624379158
917586234
146798523
578213946
293465871
351847692
489652317
762931485


516327849
248195637
397486521
469571283
183269754
752834196
631958472
975642318
824713965


254137896
983562471
167948235
318496752
546273918
729815364
831629547
495781623
672354189


358126749
714539268
692487351
126354897
837962514
945871632
269743185
483215976
571698423


541263798
276498315
938715246
462139587
193587462
785624931
327846159
814952673
659371824


856312749
921475836
347698125
235189467
718246953
469537218
674851392
182963574
593724681


264513879
351789264
987426153
436152987
829347516
175968432
612834795
748695321
593271648


925136478
346287159
178459623
513624897
489375216
267918345
754861932
831792564
692543781


981243657
472165893
356879214
167432985
234958761
598716432
815624379
749381526
623597148


214385769
573196428
698247153
135462987
782953641
469871532
851639274
946728315
327514896


516273489
274589361
398164527
625841973
187932645
439657812
852796134
763415298
941328756


437125689
615389274
829647153
156294837
972538416
348716592
564971328
783452961
291863745


914326758
582714396
763589124
137498562
296135847
458267913
645973281
871652439
329841675


348152679
926473158
157968324
713645982
589327416
264891735
631584297
475219863
892736541


429135678
531678249
867249153
143867925
796521384
258493761
975386412
312754896
684912537


219354678
478162539
356798142
563941827
184273956
927586413
891427365
735619284
642835791


164235798
273198456
859467213
425319867
638752941
917846325
592673184
746981532
381524679


549312678
327468519
816597243
138274965
654189327
792653481
975826134
461735892
283941756


349215768
271386594
586947312
128564937
457139826
693872451
732698145
815423679
964751283


467123895
359784162
218596347
173452986
642918753
985637214
821365479
534879621
796241538


821345697
539176284
476892513
147239865
693518472
258467931
715984326
382651749
964723158


618235497
759146382
243789165
124567839
586391724
397824651
931672548
465918273
872453916


932146587
456278139
718539264
167925348
285463791
349781625
671394852
593812476
824657913


237415869
856239741
149678325
364152978
528796134
971384652
482967513
715843296
693521487


942135687
163478295
875926143
236749518
481653729
597281364
354812976
628397451
719564832


853142697
297635418
641897325
374561982
925384761
168729543
436258179
789413256
512976834


351246789
768391425
492578163
123857694
579624831
684139572
915763248
236485917
847912356


124357689
398261475
567498132
481723596
276589314
953146728
639875241
812634957
745912863


316245798
782196354
459378126
134859267
567412983
298763541
845937612
671524839
923681475


647123859
893547261
215698347
326415978
458279613
179386425
731864592
562931784
984752136


932154678
856273149
471689325
549362781
123847956
687915432
315798264
768421593
294536817


159243678
632178459
874956312
247815936
596734821
318692745
765481293
921367584
483529167


762315489
951482367
438967215
195274638
286153794
374698521
523849176
649721853
817536942


834125769
521697384
679438125
496712853
258349617
317586942
162974538
943851276
785263491


635214789
824793156
791586234
153462897
278159463
946837521
519348672
462975318
387621945


183245679
592671438
764389125
231596784
879432516
645817293
427953861
918764352
356128947


416523879
538497621
297816453
124369587
379285164
685741932
953178246
762954318
841632795


651328479
892475136
374196582
436581927
189237654
527964318
763819245
915742863
248653791


842135679
693274158
157689234
234598761
768312945
519467382
375821496
981746523
426953817


876132945
519746328
243589176
195827634
427653891
638491752
961274583
752368419
384915267


934125867
582367419
167894253
218579346
456238971
379416528
745981632
821643795
693752184


582134697
713269458
946785213
138527964
294618375
657943182
375496821
861352749
429871536


679123584
245687913
183594672
394218756
718356429
526479831
867931245
932845167
451762398


265134789
491287356
378695124
134756892
586329417
927418635
849563271
652871943
713942568


219345786
538627419
467891325
356218974
194573862
782469153
673982541
845136297
921754638


912346578
583172694
476589312
245913867
768425931
139867425
651794283
894231756
327658149


751234689
826179345
349865172
475621893
163798254
298453761
984316527
532987416
617542938


915234867
846157293
327698145
258741936
463829571
179365428
692583714
784916352
531472689


732145869
564798213
819623457
127384596
486951372
395276148
243569781
678412935
951837624


675124398
831596427
294378615
457213986
328769154
916485732
742951863
163842579
589637241


516234897
437198265
829657143
645312978
283749651
791586324
162875439
958463712
374921586


428135967
563279481
719684253
136542879
287396145
945718326
694851732
351427698
872963514


245136789
816279354
397845612
174592836
562387491
938461527
459713268
683924175
721658943


286314597
375296148
941587263
167429835
428735619
539168724
614873952
752941386
893652471


642315789
157289436
389467152
213746598
468952371
795138624
934521867
871693245
526874913


961234758
728591364
453687129
132879645
689453217
547162893
894316572
376925481
215748936


275134689
483269157
916578423
547391862
169825734
328746915
834657291
692413578
751982346


352614789
478239165
619587234
126493857
834175692
597862341
283941576
961758423
745326918


382419675
657382194
419765823
243157968
798236451
561948732
975824316
124693587
836571249


142536789
678249135
539817264
214368957
956172843
783495612
821754396
365921478
497683521


359216478
728349516
146578239
237165984
894732651
561984723
982453167
615897342
473621895


961234578
873519246
254687193
427396815
135748962
689152437
746821359
392475681
518963724


471253896
856719324
923846517
145628973
368197452
792435681
234981765
619574238
587362149


567124398
193568247
842397516
236719854
459683721
718452963
375241689
921876435
684935172


925137468
316428759
478569123
539214687
142876935
867953241
253691874
781342596
694785312


647123589
513498267
982657314
128749635
475386921
369215478
234571896
851962743
796834152


251437689
943168527
768592341
125789463
637254918
894316752
479621835
316875294
582943176


345127698
697438512
821569374
269381745
573294861
184756923
758912436
416873259
932645187


756132489
493587216
281694573
167329854
345718692
928456731
834271965
619845327
572963148


642318579
159274368
738659214
216893745
387425691
594167823
965731482
421586937
873942156


794213586
836459712
521678394
183742659
647935821
259186437
475391268
312864975
968527143


149235678
623178459
587469123
231856947
476913582
895724361
362581794
754392816
918647235


326145798
417298563
985673241
562819437
149357826
873426915
231784659
658932174
794561382


264317598
853496217
197582364
312749856
475268931
689135472
536821749
948673125
721954683


489125376
735468129
162397548
216583794
547219683
893746251
678932415
921654837
354871962


256134798
134978256
897265143
319846527
568792314
472351869
941583672
685427931
723619485


619243578
237185649
845967213
326419857
178652394
594738162
753896421
961324785
482571936


478126359
639457182
152398746
514263897
293784615
786915423
947531268
821679534
365842971


463512789
951378462
287694513
129753648
574286931
638149257
392865174
745931826
816427395


847213569
295468713
136759824
461325987
372986451
958147236
523694178
789531642
614872395


261345798
754189263
983276514
378621945
126954837
549837621
497563182
632718459
815492376


358142697
279635418
416879235
137594826
624381759
895726341
742958163
963417582
581263974


542137869
761498352
839625714
495283671
186974523
273516948
328761495
957342186
614859237


597214683
468359712
132678459
319567824
684192375
275843961
941726538
723485196
856931247


714523869
382196457
965487132
436215978
129378546
578964321
851642793
693751284
247839615


943215687
278364915
651789324
167542893
832697451
495138762
314956278
529873146
786421539


629134758
748526913
351789426
175263849
234978561
986415237
493851672
812647395
567392184


276413598
519268347
843795216
164527983
327189654
958346721
682974135
495631872
731852469


258316749
764289135
139475286
391854627
427963518
586127394
872541963
613798452
945632871


871325694
329146578
465798123
238671945
597234816
614859732
986412357
752983461
143567289


532614897
968237145
174859263
245173986
316598472
897426351
653981724
481762539
729345618


468123795
937458612
125697348
384512976
519376824
276984531
642839157
753261489
891745263


278135469
365249781
194768352
527316894
439582176
681974523
752493618
813627945
946851237


427315698
569428137
381679254
145297863
276853941
893164572
754981326
638542719
912736485


293145768
615782349
478369125
524937816
367518294
189624573
832476951
941253687
756891432


521364879
863597124
947812536
256173948
389645217
174289653
635728491
412936785
798451362


861235749
932147586
574869132
145392867
397681254
628574391
459723618
783916425
216458973


326415978
579382461
814697352
193258647
267149583
485736129
952863714
648971235
731524896


349152867
726384159
815697234
153428976
978536412
264719583
532971648
497865321
681243795


435126789
876349215
219857346
127564938
368291457
594738621
952683174
681472593
743915862


178234569
462195738
953687142
316548297
245769813
789321456
627413985
594876321
831952674


249153678
385267194
617489523
124896735
536741982
798532461
971325846
453678219
862914357


514627389
736859241
892413576
167395428
289741653
453286197
648932715
971564832
325178964


584123679
172496538
396758124
217584963
458639712
963217485
831975246
749862351
625341897


725136489
143829657
896574123
318692745
267415398
459387216
931748562
572961834
684253971


697123485
415786239
832945617
158432796
273691854
946578321
724819563
581367942
369254178


379126458
841375296
562498317
193687524
456239871
728514639
687953142
234761985
915842763


487132569
315649287
692758134
178364952
253891746
964527813
841973625
736215498
529486371


274136589
381459672
569728143
637215894
198364725
425987361
816542937
743691258
952873416


394125687
157368249
286497135
438712596
672589314
519643728
961254873
745831962
823976451


398124675
465739128
721586439
176358294
254691783
983472561
619847352
542963817
837215946


168243795
945167238
327859164
216498573
839572641
574631982
792314856
683725419
451986327


538124679
467359812
129687543
273468951
895213764
614975328
951846237
346792185
782531496


694312758
135478629
782659143
316294875
259867431
478135962
547983216
863721594
921546387


941235786
673148925
582679314
264591873
758324691
319867452
196753248
837412569
425986137


765213948
831459276
492768153
158327694
249685317
673194582
314572869
587936421
926841735


826134579
715692384
394857126
143528697
267319845
589746231
952481763
638975412
471263958


418523796
267149385
395687214
123974568
584361972
679258431
932416857
756892143
841735629


798132456
156947283
342568197
513826974
924713568
687459312
431675829
279381645
865294731


215346798
739518264
468792315
156274983
324985671
897163542
541627839
683459127
972831456


534126798
196378425
782594316
658241973
213957684
479863152
321489567
965732841
847615239


154236789
269781354
738459261
316947825
987625413
425318697
692574138
843192576
571863942


538214697
962735184
417869352
345196728
781342569
629587413
853971246
194623875
276458931


985312476
413567298
762849513
126475839
348296751
579138624
657983142
831724965
294651387


816325497
742196358
359748261
468273915
197584623
235619874
574862139
923451786
681937542


215346798
987215346
643798152
369421875
128537469
574869213
452973681
791682534
836154927


817325469
465179283
923846157
176583924
389214675
254697831
531462798
698751342
742938516


451326789
826197435
397584162
162435978
738219654
549678213
275841396
984763521
613952847


372148596
615329487
948567123
136295874
284673951
597814632
751482369
869731245
423956718


182435697
567129483
394867125
219548736
458376912
673912854
741283569
825694371
936751248


745132869
963548712
821679345
178453926
496827531
352916478
639284157
214795683
587361294


812435679
764192538
953768421
376821945
195674283
248359716
627983154
581246397
439517862


653412879
172893645
489756132
214638957
897245316
365179284
546981723
721364598
938527461


519324678
632178549
478659231
153246987
246987315
897531462
385412796
921763854
764895123


526314879
483792156
791568324
134859762
879126435
652437918
267941583
915283647
348675291


198253467
752416398
643798125
367125984
429837516
581649732
936572841
274381659
815964273


436125879
792384156
158679234
283746915
917532468
564918327
879261543
641853792
325497681


754213698
862497153
913568274
136872945
527649381
498135726
281956437
679384512
345721869


281345679
635297184
947618235
378152946
164789523
529463817
893524761
412976358
756831492


649312857
285647193
713895264
324158679
197236485
568479321
476581932
851923746
932764518


673125489
198346257
254789136
467531892
325978614
819264573
731452968
982613745
546897321


975214386
426378195
813569472
547183629
168942537
392756814
634827951
759631248
281495763


385214697
742695318
196378254
234759861
961823475
578146932
659487123
413562789
827931546


682314759
537629418
914587263
178263945
349175682
256498371
723841596
461952837
895736124


148235796
975461823
623879145
256743981
431982567
789156432
367598214
592614378
814327659


789125463
426398517
531476298
147589632
295637841
863214759
314852976
678943125
952761384


651243798
284197563
937586142
326975481
479831625
518462937
142658379
795324816
863719254


458162379
173594628
962387154
247651983
319728465
586439712
694875231
831246597
725913846


572134689
968572143
431689275
285493716
346817592
197265438
853721964
729346851
614958327


398215476
541736298
627849315
132678549
765194832
489352761
254967183
973581624
816423957


865123749
342597618
719846352
123689574
496735281
578412963
951378426
287964135
634251897


325417689
791682435
864395712
247158396
659234871
183976524
978541263
512763948
436829157


723145869
954268371
861937425
148356792
579824136
236791584
412673958
687519243
395482617


863125479
429736581
517498263
258314796
174659832
396287154
645971328
731862945
982543617


847215396
159368274
263479581
415683927
398127465
672954138
926741853
534896712
781532649


786123495
342579186
519468273
137295864
258641739
964837512
421986357
893754621
675312948


536214897
298376415
714598263
125943678
367185924
489627351
842759136
651832749
973461582


975124638
423568719
816379542
347912865
692853471
581647923
169735284
754281396
238496157


869213574
253647189
417895632
124358796
635479821
798126453
571962348
986734215
342581967


859216473
176439258
432785619
347128965
285694731
961357842
713942586
594863127
628571394


372154869
458296137
691738245
126543978
783629451
549871326
815462793
237985614
964317582


915423687
476185329
328796415
247318956
681549732
539267841
864951273
752634198
193872564


192435678
543678192
876291453
458312769
269547381
317869524
724953816
685124937
931786245


532147896
186239547
479685132
213958674
795416283
648372951
324591768
851763429
967824315


659124783
837569214
214378596
143857962
798216435
562943871
925681347
486735129
371492658


216354897
854297613
379618254
563142978
148739562
792586431
937825146
625471389
481963725


985132467
317564829
624798153
148326975
739815642
562479318
496253781
851947236
273681594


325146789
196782345
478395216
214538697
569427831
783619524
837961452
952874163
641253978


149625783
386147259
572893164
293514876
467289531
815376492
721938645
634752918
958461327


654127389
829435167
731698245
245781693
168943572
973562418
486259731
312876954
597314826


673142589
845379162
912586374
254831697
169427853
387965421
421758936
596213748
738694215


928134567
563728194
714569328
147386952
235941786
896257413
679813245
451672839
382495671


293415678
847623915
561879234
129384567
735296841
486157329
672948153
358761492
914532786


869125437
142376589
753498126
235964718
498713265
617852943
521687394
376249851
984531672


651234798
973581624
428769135
185342967
247698351
369175842
794826513
536417289
812953476


837126495
924357618
615489237
172835946
593764821
468291753
381972564
759643182
246518379


327156894
859234167
461879325
594712683
176983542
238645971
745368219
983421756
612597438


942153786
613278549
857496123
164839275
378542961
295617834
439725618
781964352
526381497


538124967
269578314
174639285
415297836
396481572
782365491
953712648
627843159
841956723


896213475
175498263
342657891
219374658
567182349
438569712
723945186
654831927
981726534


713425698
489163275
256879314
524397861
197286543
368514927
975648132
631752489
842931756


582134769
461579823
937826145
198245637
724368951
356791482
845912376
213687594
679453218


643215798
895374126
172896345
264758913
359142687
781963452
416587239
928631574
537429861


371245689
856791243
942638157
135489762
497362518
268157394
629574831
514823976
783916425


263147859
714589236
859362471
142875693
635491782
987236145
376918524
591724368
428653917


843512769
527698134
169437852
458973216
296145387
371286945
982354671
635721498
714869523


875123694
263549187
941678235
527436918
498217563
316985742
782361459
639754821
154892376


371425968
684193275
952768341
125984736
497356182
836271594
768532419
519647823
243819657


278314659
461259387
935687142
124968735
386175294
597432816
649823571
852741963
713596428


697132485
251468379
843579162
129854637
368791254
475623891
514986723
782315946
936247518


527413689
639285417
148796235
273654891
816379542
495128376
751842963
382967154
964531728


874132596
956478123
213659847
537821964
468593271
192764358
749385612
685217439
321946785


652134879
319578264
487692513
536819742
291347658
874265931
743986125
965421387
128753496


164239587
379581246
285476139
453628791
928147653
617395428
596812374
831754962
742963815


314256978
592738164
678149532
239615487
147983625
856472391
965824713
421397856
783561249


915324678
236578194
748691352
152739846
684215937
379846521
421963785
563487219
897152463


546213789
783549261
192678345
219457638
465832197
378196524
627985413
931724856
854361972


794152386
315768429
286394715
138675942
427839651
569421873
943217568
851946237
672583194


458136729
179254683
362789451
513827946
294563817
687941532
831695274
726418395
945372168


387215469
195467238
246389157
418572693
579136842
623894715
852643971
761958324
934721586


214356789
386297514
579481326
143678295
657912843
892534671
735849162
428163957
961725438


728134569
941265738
635897124
163472895
487659312
259318647
814726953
392581476
576943281


795123468
423568179
168794523
251947386
346852791
987631245
812379654
579416832
634285917


368127945
742359186
159468273
586934712
437281659
291675834
613742598
874596321
925813467


368124597
715369428
429578316
197452683
286793145
543816972
831245769
672931854
954687231


248613579
136759824
759248163
317592648
682374915
495186732
971435286
524867391
863921457


253146798
649728315
781359462
192463857
537982641
468571239
916237584
874695123
325814976


956123487
128475639
734698125
213589764
567314298
489267513
842951376
371846952
695732841


157234698
948716235
236895417
569143782
384572961
712689543
425361879
673928154
891457326


861423795
374159862
925768143
137645928
286391457
459287316
793512684
612834579
548976231


538127694
724369158
619584372
152976483
487231965
396458721
841692537
973815246
265743819


729135684
354286719
618479235
235614897
491758362
867392451
973821546
586947123
142563978


253146897
419387256
678529134
546273981
892615473
137894562
361952748
725468319
984731625


187234569
329165487
465798123
678352914
213489756
594671832
941523678
836917245
752846391


275136498
613489527
894257136
136728945
428591763
759364281
967845312
542613879
381972654


356217489
987453162
412698573
261984735
549736218
738125694
123569847
875341926
694872351


739124568
586793241
214685397
825316974
167549823
943278156
391462785
472851639
658937412


895213674
734659218
216487395
527134869
148596732
369728541
453972186
981365427
672841953


947215638
623478519
815639472
268193754
154786923
379524861
436852197
782961345
591347286


978214356
134576289
562389147
217493568
346158792
859762413
795631824
483925671
621847935


485213796
761489235
329567418
536148972
198752364
247396851
852971643
913624587
674835129


259316784
187425639
643897152
812734965
396158247
475269813
924683571
538971426
761542398


765123498
943587162
218469537
356241879
824976315
179358246
497832651
632715984
581694723


965214378
243687195
871359264
134976582
586132947
729548631
698721453
317465829
452893716


294135786
537628419
168479235
415387692
629514873
783962541
946853127
371246958
852791364


532147869
416298573
987563124
243986751
675421398
198735246
821654937
369872415
754319682


863142597
475396182
192578346
237485961
614739258
958621734
786913425
549267813
321854679


465217398
978346251
123859674
216594783
354782916
789163542
897621435
542938167
631475829


829134567
417256389
536879124
253491876
674582931
198367245
745923618
381645792
962718453


587124639
634579182
129368547
318652794
496781253
752943816
241896375
973215468
865437921


174236598
235819746
896574231
427153869
368492157
519687324
782945613
953761482
641328975


134256879
862791345
579384126
341528697
287649531
695137284
423915768
956873412
718462953


126354879
387169452
945278136
419725683
263981547
758643921
634817295
591432768
872596314


193425678
842167359
765398142
231879465
576241983
489536721
624983517
317652894
958714236


529134687
376285194
841796253
158472936
263519748
794368512
435621879
912847365
687953421


728415369
169723485
453689271
281396754
394157826
576248193
917532648
645871932
832964517


783124596
651389247
294756381
378541962
149672853
562938714
836215479
417893625
925467138


356124897
412789356
879356421
138672945
597418263
264935178
685291734
721543689
943867512


952316748
164287359
873459216
215874693
347695821
689132574
596743182
721968435
438521967


745132698
619458237
832796145
124389576
368527914
957614382
586941723
271863459
493275861


482316579
596247381
317859246
635124897
128973465
749568132
853791624
274685913
961432758


892153674
436728195
157469238
245836719
318947562
679215483
723684951
561392847
984571326


634152789
829374165
517869234
245913678
376485912
198627543
762538491
481296357
953741826


693215478
124378569
758649132
217894653
365127894
489563217
931452786
572986341
846731925


456132789
271498563
893657421
368541972
147829635
529763814
735916248
982374156
614285397


612374589
439518627
857269143
125643798
948751236
376982451
591826374
763495812
284137965


139257648
478916235
265438197
524379816
317682459
896145723
941863572
782591364
653724981


153247896
798361254
642859173
237584961
415796382
869123547
924618735
576932418
381475629


851324769
743196528
692758314
235981476
168473952
479265831
514639287
326847195
987512643


981234576
576189243
432657189
145863927
263975418
798412635
617548392
824396751
359721864


654123879
719648532
328759146
482316957
593487261
167592384
831964725
976235418
245871693


614273598
832495167
597618243
246137859
971852436
385946721
428361975
769584312
153729684


351246879
796138452
842957136
125894367
439672581
678315924
264589713
517463298
983721645


758123649
694578123
231469587
146287395
375914862
829356714
417832956
562791438
983645271


983215467
152476398
746398125
235964781
619783542
478152936
827539614
361847259
594621873


834215796
629374581
751689234
273956148
165842973
948137625
517493862
482761359
396528417


298413675
463275198
715689423
359167842
124598736
687324951
831942567
972856314
546731289


296143857
835276194
174859236
341762985
527938461
689514372
452387619
913625748
768491523


615324789
732189456
948657312
256491873
187563924
394278561
871932645
529846137
463715298


724315689
683249175
951678243
137892456
245136798
869754312
476983521
592461837
318527964


478132695
125769384
369548127
237481956
594623718
681957432
812374569
753896241
946215873


384172956
257693148
961548237
426851793
198327465
573469821
612734589
739285614
845916372


618423759
495671283
237589164
169354872
823197645
754268391
972835416
546712938
381946527


641273598
237598461
958164237
175639842
489752613
326841759
562917384
893425176
714386925


615327489
487591263
932486175
268139547
351874926
749265318
523618794
874952631
196743852


479125638
825367419
163489527
286953741
357214896
941876352
512638974
798542163
634791285


415236978
937481265
628579413
162394587
384765129
759128346
873912654
591647832
246853791


592314678
831267495
647895123
168572934
375489216
924136857
783621549
416953782
259748361


952134678
184267359
736859214
345621897
267598431
819473562
628715943
473986125
591342786


649132587
825647319
317958624
132769845
578423961
496581732
963274158
281395476
754816293


317246589
469358217
852791346
195482673
634179852
728635491
573924168
281567934
946813725


784132659
635849127
912567438
167453892
498721365
253698714
571286943
849315276
326974581


916235847
837146259
245879316
364512978
572984631
198763524
429651783
683427195
751398462


649217538
153468729
827359461
216793845
495826317
378145692
531672984
964581273
782934156


964132578
721458936
358796124
176324895
235869417
849517263
493681752
582973641
617245389


481325769
356719248
297684135
123596874
548271396
679438512
764152983
832967451
915843627


127354698
594682173
386179245
273546819
419238756
865791324
738425961
652913487
941867532


925413678
837526149
461978523
192384765
674159832
358267491
513742986
246891357
789635214


652314789
149728536
738596214
385962471
496173825
271485963
927641358
564837192
813259647


352614978
794582163
168793245
215438697
937165482
846279531
683951724
471326859
529847316


715243869
932768154
468915372
143682597
526179483
879534216
281497635
694351728
357826941


197235468
345768192
268491357
512674983
689123745
473589621
754912836
826347519
931856274


428163579
561279384
397485162
135947628
649852713
782631495
874596231
913724856
256318947


392415678
876329154
541768239
235184967
489576321
167293485
653947812
714832596
928651743


716325894
349168725
582479361
163284957
294517683
857693142
631952478
428736519
975841236


485123679
621479538
739568241
172685493
398742156
546391827
814957362
963214785
257836914


391425768
578136294
426978135
142659387
635781942
987243516
714362859
869517423
253894671


278413659
345296718
961587234
184375962
537962841
692148375
719834526
423659187
856721493


426318795
895274136
731596248
368125974
157469823
942837651
214783569
579641382
683952417


431265789
762198345
895347126
258631974
347859261
619724853
183476592
526983417
974512638


973512468
486379152
251648379
145297836
628153947
397486215
539721684
814965723
762834591


483126795
752439618
169578243
215947836
346285971
897361524
671894352
528713469
934652187


548123679
726489153
139576842
857364921
293851467
614792538
382615794
475938216
961247385


256413798
481297365
379568412
538172649
624389571
917654823
895741236
762935184
143826957


173426589
485193276
692587143
316275894
247819365
859634712
524768931
731942658
968351427


812435679
756219438
934687125
163728954
279154863
485396712
328971546
691543287
547862391


859123467
432567189
761849325
195372846
286451793
347698512
523984671
674215938
918736254


932145678
864237591
571869324
287514963
143796852
659382147
326971485
415628739
798453216


751234869
896175234
243968571
374651928
128793456
569482713
987326145
615847392
432519687


456213897
187459362
923768154
268345971
379186425
514972683
691524738
732891546
845637219


319425768
825637194
674189253
496278315
182563479
753914826
941352687
237896541
568741932


531246798
469178325
728395164
347619852
182453679
695827431
213964587
854732916
976581243


321457869
596812374
874693251
247189536
135246987
689375412
968521743
753964128
412738695


238154679
961372485
475698312
584261937
697583124
123947568
756839241
342715896
819426753


165234789
972518346
348769125
236487951
451693278
789152634
827941563
514326897
693875412


465123879
137489562
982576134
213968457
576241983
894357621
641735298
759812346
328694715


295314687
417268539
638579142
582693471
143857296
976142853
751986324
369425718
824731965


946132758
327485196
185769342
451923687
639871425
278654913
764598231
812346579
593217864


963124587
712385649
548679312
256791834
174832965
389456721
695218473
831947256
427563198


497213568
532648197
168957234
246189753
371564982
859732416
723895641
914376825
685421379


864125379
751349268
329687145
245961837
617853492
938274516
596418723
482736951
173592684


832154769
491678325
576293184
247316958
165987432
389542617
653729841
924861573
718435296


187234569
596187324
423596178
714628953
235719846
968345712
641853297
359472681
872961435


786132459
235649178
419578236
152487963
894361725
367925841
578296314
623814597
941753682


812345679
493176285
765289134
146892357
358764921
279531846
537918462
924653718
681427593


894123576
631457289
257896143
328615794
769284351
145739628
486571932
513942867
972368415


541237698
976481253
823569147
158743962
269158374
734926815
692374581
317895426
485612739


481235967
523679184
967184352
158467239
649312578
372958416
216893745
895741623
734526891


435172869
917386425
628495173
153869742
849721536
276543981
364957218
791238654
582614397


314265789
728391465
956478132
435726918
179834526
682159374
267943851
893512647
541687293


976213485
418569327
325478169
547326891
293187546
681954732
154892673
732641958
869735214


638152749
574369218
192487365
253641897
781925634
469738152
925813476
816574923
347296581


264139578
873254619
915876234
427315986
189627453
356948721
592483167
631792845
748561392


675124938
134589276
829376145
351642789
946817523
287953614
592738461
718465392
463291857


821364579
963571428
745829136
139248657
487156392
256937841
372615984
518492763
694783215


597123486
143678295
286549173
315987642
469352718
872461539
758234961
631795824
924816357


619234587
875169324
324758691
156483279
238697415
947521863
761845932
592376148
483912756


132457968
579168324
468923157
217395486
345876291
896241573
683519742
921784635
754632819


168423579
542796381
739158246
397561824
685249713
421387965
916832457
853674192
274915638


948312657
257468319
361579248
479135862
126784935
835296471
592641783
613827594
784953126


685123479
273459168
419678352
157842936
846395721
392716584
921587643
534261897
768934215


793412658
246385197
851967243
124639875
967258314
538174926
489523761
675891432
312746589


657132489
392584167
418679235
174963852
869725341
235418796
741356928
926847513
583291674


957216348
648359217
312478569
183624795
275193486
469587132
734965821
591832674
826741953


427315698
386429175
519876234
648193752
152687943
793254861
865942317
234761589
971538426


296314587
481572396
735689142
164835729
359247618
872196453
647921835
523468971
918753264


975142368
861357294
234968751
628534917
497621835
153879642
519786423
746213589
382495176


951243687
643178259
287569341
134852796
762914835
598736412
815327964
429685173
376491528


872143596
351269487
469857312
687521934
134796825
295438761
913675248
528314679
746982153


463512789
219738564
587496132
728964351
391285647
645173928
136827495
874659213
952341876


136425798
478139562
529678134
317264985
294581673
685793421
753942816
942816357
861357249


839216457
172458369
465739182
291684573
354127896
687395241
716843925
543972618
928561734


483125769
576439182
912678345
245916837
137582496
698347521
729854613
861793254
354261978


518239647
276415398
493678125
129854736
364127859
785396214
852741963
641983572
937562481


145238796
723496185
896715423
358127964
279564831
461389572
617942358
984653217
532871649


495162738
683947215
271358694
138429567
726581943
549736821
312675489
967814352
854293176


624315798
931728564
857946132
243179685
519683247
768452913
175864329
496237851
382591476


943512687
857369124
261748359
429173568
678254931
135986742
712435896
396827415
584691273


495217638
381645297
762389415
537162984
619478523
248593176
123756849
876924351
954831762


426137589
759248316
183569274
361482795
294375861
578691432
635714928
812953647
947826153


372146859
861592437
945738216
286319745
453867192
197425683
719283564
628954371
534671928


134625978
786391254
295784316
318569427
467218539
529473681
642857193
851936742
973142865


971234685
456178239
832659174
248917563
167543892
395826417
614395728
729481356
583762941


587214396
326795814
941368275
135429687
468157932
279683541
752831469
613942758
894576123


952143687
731586429
684792351
295431876
163879542
847265913
516328794
429657138
378914265


249513768
315687249
867294153
472358916
136479582
598126437
781965324
653742891
924831675


274163859
395428176
681579234
529834761
736291548
148657923
412385697
953716482
867942315


257316489
843259167
691478235
135982674
962734851
478165923
529847316
714623598
386591742


316254879
984317526
752869314
163542987
598173462
427986153
645738291
231695748
879421635


538412769
129673458
764598231
315247986
286359174
947186325
452761893
693824517
871935642


172348695
463591728
985267134
618735942
257419863
349826517
521973486
794682351
836154279


574213698
823469517
691587234
248176359
759328461
136945872
485691723
962734185
317852946


867132459
945678312
312459678
124867593
673594821
589321746
731985264
298746135
456213987


239514678
157268439
486379251
591483762
648725913
372196584
714852396
925631847
863947125


138245697
547396128
926187435
384729561
259461783
671538942
413672859
865913274
792854316


541236798
829714536
637859142
375128469
294563817
168497253
786341925
453982671
912675384


762318945
941256783
853479261
125984376
384765129
679123854
237641598
596837412
418592637


581234796
764159283
392678451
129843567
837561942
645927318
956312874
413785629
278496135


163245789
249187365
875396214
486523971
591874623
732619548
957461832
318752496
624938157


673142958
452698371
981735264
136524789
247981635
598367142
729456813
864213597
315879426


258314679
397586124
416792358
564138792
871259463
932467815
625873941
743921586
189645237


654132789
781594263
923768154
235671498
198345672
467829531
872916345
349257816
516483927


972135846
513648297
648279135
235981764
897564312
164723958
381457629
429816573
756392481


871234659
396517284
452689173
248153967
165978342
739462815
927841536
513796428
684325791


492513678
187264539
365789142
219875463
548396217
673142985
934658721
726931854
851427396


268135479
715249386
934768152
489357621
326981547
157624893
592813764
871496235
643572918


376142589
482359167
159687234
648921753
235764891
791538426
964815372
523476918
817293645


125346897
863179245
794285613
246893571
357412968
918567432
531624789
672938154
489751326


281534967
567192348
934768251
126389574
853427196
479651823
748915632
315276489
692843715


871325496
326149785
594786123
135278649
942651837
687934251
758413962
419562378
263897514


354217869
689534271
172698534
268379145
495186723
713425986
531762498
826941357
947853612


426137958
519682473
873549126
164275389
392418765
758963241
985721634
241356897
637894512


763215948
895346127
214789536
138654792
479132685
526897314
941568273
352471869
687923451


962413587
483257619
715896324
376142895
258379461
194685273
541728936
627934158
839561742


275143698
981265437
463789251
526931784
718452963
349876512
832597146
154628379
697314825


469132587
318475629
275896341
537684192
124759836
986321475
642918753
853267914
791543268


591328476
648197523
273465819
126584937
489736152
357219648
915672384
764853291
832941765


937214856
254638719
168579342
416395278
782146935
395782461
541823697
623957184
879461523


654132789
279458361
138769425
527643918
396871542
481925637
862397154
745216893
913584276


473152689
895436127
261789345
126598734
387641952
549327861
632974518
718265493
954813276


618243579
257196438
493857162
126538794
845729613
379614285
561982347
784365921
932471856


934215687
215678934
876349251
427163895
168592743
593784126
649851372
752936418
381427569


716325489
983416257
254879316
465193728
179284635
328567941
891742563
547631892
632958174


923416785
567238149
814795263
156843972
372169854
498572631
649327518
781954326
235681497


574132689
136589724
298647135
429753816
387416592
651928347
743261958
865394271
912875463


351246897
894371562
672958314
189524673
547863921
236197485
713489256
965732148
428615739


645123879
283497156
719685324
358216497
492758613
167349582
521934768
974861235
836572941


128345679
375196482
469782513
247851936
593674821
816239754
934527168
781963245
652418397


986123475
352476189
714895326
125389647
637542918
498761532
243658791
861937254
579214863


364127895
795348216
812659437
453261978
127895643
689734152
246973581
931586724
578412369


926315487
534278169
187496235
341782596
298564713
675139842
469827351
753641928
812953674


254173896
761289453
938645217
325491768
489762531
176538942
592816374
817354629
643927185


217345689
849167325
653298147
128456793
495732861
736981452
384519276
562873914
971624538


417235689
683149725
529678134
156387492
798452361
234916857
365794218
871523946
942861573


957123486
612485739
483769215
268374591
379651824
145892673
536218947
721946358
894537162


819253467
574168239
326749185
237496851
458317926
691825374
983574612
145632798
762981543


473125896
186397425
295684173
312576984
859432617
647918352
921743568
764859231
538261749


185243679
764189325
329567481
416892537
837654912
592731846
248916753
973425168
651378294


975123486
418756293
263948517
649531872
527894631
381672945
734269158
156487329
892315764


326418759
945237168
871569324
487123695
263895471
159746283
634952817
518674932
792381546


179324658
534681279
682759134
416237985
798516423
253948761
341862597
827495316
965173842


562314789
391278456
847596213
125967834
638145972
974823561
289731645
716459328
453682197


421356789
735198624
986724153
598472316
214963875
673581942
857649231
162835497
349217568


916234578
523187469
874659132
239718645
147562893
658493721
491375286
362841957
785926314


362154879
859237461
741689253
128345697
596712384
473896512
235978146
914563728
687421935


827413596
946275183
315698274
154327968
789164325
263859417
431986752
598732641
672541839


216345789
735289416
894761235
349156827
572438961
681927354
157893642
468572193
923614578


416325798
853197462
297684153
135276984
649518237
728439516
561842379
984753621
372961845


624153879
791482635
385697142
236971458
457238916
819546723
542819367
963724581
178365294


951236748
628417539
743589162
164398257
389725614
275164893
536842971
817953426
492671385


649312785
523487196
781569234
294175863
135896472
867243951
372954618
416738529
958621347


974126358
235784196
186359427
368275941
417693582
529418763
741562839
693841275
852937614


283164579
759328461
641579238
164257893
597813642
328946715
435781926
972635184
816492357


792143685
134586729
658279134
215438976
347691852
869725341
571864293
423917568
986352417


578316492
943582167
162497835
214768953
387259641
659134278
836925714
495871326
721643589


419326578
257148369
863579421
125894736
378615942
694237815
782963154
531482697
946751283


794126358
325487691
168359247
259861473
436975182
871243965
613798524
547612839
982534716


178243956
953186247
246597318
427931865
361875429
589462731
892614573
635729184
714358692


345217869
718369245
269584713
186735924
423196578
597428631
631952487
854673192
972841356


764213859
295468137
831579462
143782695
528936741
679154283
952641378
487325916
316897524


128345679
649178352
357269814
813754296
974826531
265913487
486597123
591632748
732481965


871263945
263495781
945178362
324651879
158749623
697832154
439586217
716924538
582317496


136257894
289134576
547689213
673542981
428791635
915863742
791426358
864375129
352918467


591623478
467185392
823749516
149268735
276351984
358497261
712536849
685974123
934812657


785123496
496857123
132649578
243761985
819534762
567298341
674312859
358976214
921485637


738142956
145693287
296578314
481326795
359714862
672859431
967231548
513487629
824965173


683124597
591367284
472598316
125943678
847216953
369785421
234879165
958631742
716452839


924163758
183275694
576489132
218954367
397816245
465732981
752698413
849321576
631547829


547132896
826459317
319678245
158963472
493827561
672541983
781395624
965214738
234786159


362714589
157289463
498356271
614592738
279138654
583467912
731925846
825643197
946871325


354217869
187694253
962358471
271843596
495126387
638579142
713985624
829461735
546732918


852143769
971265438
346897251
123789546
489536127
567421983
215378694
798654312
634912875


763142958
418359672
259687143
195823764
347965281
682471395
831596427
526714839
974238516


736125498
182439567
945678123
319862745
254917836
867354219
623781954
598243671
471596382


915243678
432867159
876591324
154628937
398715462
267439815
643972581
529186743
781354296


381254697
249167358
567389421
136745289
458926713
792813564
673598142
814632975
925471836


159234768
736158249
482967135
215843976
897625413
364719852
523491687
948576321
671382594


851324697
629157384
734689125
293761458
185243976
476895213
362978541
517432869
948516732


574123689
263489517
819576324
392751468
145368792
687942135
956814273
731295846
428637951


649218573
158374629
732569148
267945831
491683752
385127496
516432987
973856214
824791365


376124958
918536247
254789361
423861795
195347682
867295413
632458179
541973826
789612534


418326579
653479218
297581364
125698437
746135892
839247156
571864923
364912785
982753641


592143867
146789352
378256149
461532978
783914526
259678413
835427691
624391785
917865234


726134859
983265417
154798263
245813976
317629548
698457321
571982634
439576182
862341795


347218659
126593478
895746123
251489367
679135284
438627915
513972846
782364591
964851732


192435687
436178529
758269431
315924876
684357912
279816354
521693748
943781265
867542193


562134879
493578216
817692345
145286937
278359461
639417528
956723184
384961752
721845693


271354869
635198247
849627135
356281974
194573628
728946351
987432516
412865793
563719482


657213849
941658237
238479561
193827654
786594123
524136798
865341972
372985416
419762385


396124758
185367249
472598316
648273195
239615487
517489623
821936574
964752831
753841962


394125786
512786439
786394125
248931567
153678294
679542813
825463971
437219658
961857342


269135748
451278693
873946152
528317964
194862537
637594281
916783425
342651879
785429316


467132589
821549367
395687124
182453796
743926815
659871432
536214978
218795643
974368251


412536879
659187243
837249561
374921685
165378924
298465317
743852196
926713458
581694732


482135697
756492138
391867524
238714956
564329871
179658342
817543269
623971485
945286713


613254897
724389165
958617234
186925473
275843916
439176582
362498751
847561329
591732648


291435867
348167295
657289143
175326489
983714526
426958371
714592638
569843712
832671954


583217469
679345182
214689573
347956218
852174396
196832754
431568927
728491635
965723841


539214678
642587913
178639245
316842597
785396421
294175836
457963182
863421759
921758364


798123546
645798132
123564897
259417368
317286954
486359721
834972615
961845273
572631489


896312475
153478269
472596138
281764953
569183742
347259816
724835691
638941527
915627384


745213689
916548237
382679451
237196548
158437962
469825713
523761894
671984325
894352176


238514967
745692138
691378254
124736895
967485312
583129476
316847529
452963781
879251643


432516978
198273546
657498231
249167385
816352497
375984612
523741869
961835724
784629153


583126947
679384152
412579638
257631894
134958276
896742513
725893461
341265789
968417325


642153798
713298645
895746132
237619854
589437261
164582973
328965417
456871329
971324586


423158697
915672438
768493215
149287563
652319784
387546921
531924876
274861359
896735142


436125789
812749356
957368142
263871594
789453261
145296873
391687425
528934617
674512938


319245867
562718349
748396125
134579286
256483971
897162534
481927653
923654718
675831492


829134567
473256819
615789342
162548793
347912685
598673421
236495178
754821936
981367254


275136489
314598276
869427315
426713598
158269743
793845162
537981624
941652837
682374951


937215648
248637951
615489327
374192586
169358274
582764193
721546839
856973412
493821765


485172936
612395748
973486521
136524897
598731462
247869153
321957684
854613279
769248315


429135768
351678294
768429153
137586429
842397516
596214387
214963875
975841632
683752941


295134786
147286935
683759214
359861472
712495863
468372159
834627591
526918347
971543628


354126978
261789345
798354216
539241687
416897532
827563491
673915824
942678153
185432769


187234695
239156748
465879132
548362917
912487356
376591824
893725461
751643289
624918573


428315769
753296418
196487253
247159386
385672941
619843572
871924635
934561827
562738194


489132657
231567489
576489213
325914768
648753921
197826345
952348176
714695832
863271594


725134689
381269457
649587231
867451392
134926875
592378164
258713946
413695728
976842513


182534679
465179238
937286451
276415983
318697542
549328167
894752316
751963824
623841795


293145687
614287935
785639124
328561479
167498253
459372816
931726548
872954361
546813792


182435697
753169824
694278135
269354781
318697542
547821369
976543218
431782956
825916473


821345679
546179328
379268154
254631897
693487512
718952436
435726981
182594763
967813245


918325476
253476189
764891253
185769324
376254918
492183765
649512837
831647592
527938641


257143968
186259437
943876152
328714596
461592783
579638241
735961824
894327615
612485379


681324759
945671382
723598461
156237894
498165237
237489615
814756923
379812546
562943178


526314798
874295136
391867245
168723459
243159867
759648312
412986573
935472681
687531924


593124678
142786395
867395214
236451789
419278563
785639421
351962847
674813952
928547136


149235678
376148295
285679314
568314729
412597836
793826541
954783162
631452987
827961453


923146578
458723691
716958243
142385967
567219384
839467152
281694735
394572816
675831429


865213497
734859216
192476538
216598743
478132659
359647821
647921385
923785164
581364972


452137896
681249357
379658241
145372968
238496715
967815423
813524679
594763182
726981534


278143596
694275813
351698427
435719682
927836145
816452379
583921764
762384951
149567238


892134657
573269184
146578239
489621375
267853941
351497826
614385792
735912468
928746513


298314567
541867293
367592148
456139782
823745619
719628354
972451836
134286975
685973421


289135476
576492138
314768925
627854319
135279684
498613752
741526893
853941267
962387541


841236759
293157684
576849213
187365942
324798561
659412837
465973128
912684375
738521496


519234768
763158249
842769153
125493876
386517924
974682315
658371492
291846537
437925681


821345697
693217458
754689123
236198745
578432961
149576832
912863574
465721389
387954216


329154867
418376259
756829341
247961583
863547912
195238476
571493628
982615734
634782195


952134786
678592341
134678529
219786453
567349812
483215967
321857694
846923175
795461238


836142579
421795386
759638124
175486293
398521647
264379851
917253468
642817935
583964712


623415798
149728365
758963214
234586971
517394682
986172453
375641829
492857136
861239547


649213578
372485169
815679243
123956487
568147932
497832651
256398714
781524396
934761825


947123568
361587249
852946137
128794653
476235981
593618724
714852396
635479812
289361475


579132648
138456279
642798135
254371896
891645723
367829451
985267314
713584962
426913587


317254689
492368175
856791243
235176894
168549327
749832516
683927451
571483962
924615738


479123568
362584197
815679324
136458972
258397641
794261835
543912786
627835419
981746253


168237459
972451386
345689127
417326895
239815764
586974231
721598643
894763512
653142978


654123789
879564312
123879456
316258947
287496531
945731628
732915864
598642173
461387295


173254896
924386157
865791423
239867541
457132968
618549372
591678234
742913685
386425719


593124687
762358194
841769253
234615879
189472536
657893421
316587942
428931765
975246318


547312896
693458127
821769345
369245781
278196534
154873962
716984253
935627418
482531679


397214856
521638479
864759123
142387965
659142387
738596214
215473698
486925731
973861542


981234567
274615398
635789124
156398472
798542613
342176859
813957246
427861935
569423781


435126879
976358241
128497536
547813962
293675418
681942753
812764395
364589127
759231684


326145879
145879326
978236145
419753682
583612497
762984513
637428951
891567234
254391768


493162758
715483629
826579314
134756892
678924531
259318467
962845173
541237986
387691245


649132785
281457369
735869214
498713526
156924873
327685941
862391457
914578632
573246198


952143678
764289153
381576249
475812396
123965487
698437521
236794815
517628934
849351762


628314579
745289163
913576824
356198742
179423658
284765391
561932487
832647915
497851236


142635897
675498132
398271456
214967385
567384921
839512764
786159243
451823679
923746518


158236749
492157683
763489125
314825976
275694831
689371254
947562318
536718492
821943567


167235498
493168572
582479361
349827615
218654739
756391824
631542987
874913256
925786143


412365789
685297341
973814526
127439865
546178932
839652417
294786153
358921674
761543298


675128493
432569187
891347526
347281965
168935742
259674831
516893274
783452619
924716358


386124579
254796138
179538264
612457983
795683421
438219657
847962315
961375842
523841796


283145769
964237158
157968234
312859647
579624381
846371925
721586493
695413872
438792516


743216859
916458237
582739416
265194378
139872564
874365921
698527143
451683792
327941685


735142698
814769235
629835147
153678924
496521873
278394516
382957461
961483752
547216389


195234768
472186395
386759214
247861953
513972486
869543172
628417539
951328647
734695821


753214698
814596237
692873415
137485962
249637581
586129743
425361879
961758324
378942156


126345879
584197623
973286154
215873946
367924518
498561732
832759461
741638295
659412387


369142758
514738296
728956134
132487965
947625381
685391472
471563829
296874513
853219647


238416597
479258316
561379284
327845961
684193725
195627438
912564873
753981642
846732159


963214785
784365219
125798364
518423976
239687451
476159823
352976148
897541632
641832597


795213684
834569712
216784539
142957863
378426951
659138427
421675398
963841275
587392146


397124685
658379214
124685397
479236851
215948763
836751942
781492536
942563178
563817429


148253769
293617584
657948213
364872195
789561342
512439876
836195427
471326958
925784631


615243798
937158246
842679351
156934872
283567914
479812563
528491637
361725489
794386125


327145869
654892137
189637245
413528976
765319482
892476351
948751623
531264798
276983514


397142586
816537492
425689317
238914675
679358241
541726938
962873154
753461829
184295763


826314597
351697284
749825163
132578649
597146832
468239751
673451928
984762315
215983476


268154739
547293681
319867254
482731965
193546827
675928413
831679542
924385176
756412398


165243879
793168425
482597361
217836954
648951732
359472618
934725186
826319547
571684293


852134679
739265184
164798352
283417965
576982431
491653827
318529746
927846513
645371298


864125379
739684215
125937864
347296581
258413796
916758432
672341958
593862147
481579623


915243678
324678195
786591234
167459823
439862751
258137946
541926387
693785412
872314569


289134576
143675289
657298143
315487692
426319758
798562431
861753924
972846315
534921867


453612879
968374125
127589346
246193587
835247961
719856234
371968452
692435718
584721693


973152648
124683579
685497123
458321967
316978254
297546831
849765312
761239485
532814796


693142578
842357169
571698243
234516987
189723654
756489312
468935721
325871496
917264835


718243695
629587134
534169278
243815967
897634512
156972843
385796421
462351789
971428356


812354769
673189254
954672381
168247935
297538416
435916827
541893672
329761548
786425193


561237498
978146325
342859761
456312987
287694513
139785642
894571236
615423879
723968154


485316792
791452638
623789145
152973864
348265971
967148523
534897216
276531489
819624357


321456798
674819325
589273614
147392586
953687241
862145973
495761832
216938457
738524169


916324785
523187694
847596213
168259347
294713856
375648921
759462138
681935472
432871569


721354698
583691247
496278315
239145876
167839452
845762931
952487163
378916524
614523789


954126783
278345691
136897524
415283967
687459132
329761845
541938276
793612458
862574319


918243756
274156398
356789124
129475863
567938412
483621975
745392681
692814537
831567249


361425798
297138465
485967123
534271986
672894531
819356274
128743659
953612847
746589312


136245879
425789163
978163254
267854391
514937682
389612547
842591736
691378425
753426918


897123645
326549718
145786239
438267951
619458372
572931864
281374596
953612487
764895123


891243657
523867149
746591283
162738495
457129368
389654712
634982571
218475936
975316824


247153869
961278453
853496127
126745938
479832615
385619742
632981574
718524396
594367281


951423867
386179452
472586391
124968573
695317248
738245916
863794125
519632784
247851639


286513947
197246385
543798261
458172639
629385174
371469528
712654893
864931752
935827416


746213598
193568274
258749613
374852961
685194732
921376845
419625387
862437159
537981426


398124567
752396148
146578239
239715684
567482913
481963752
924851376
613247895
875639421


432156789
517398462
698427153
756214938
149583627
283679514
824965371
975831246
361742895


834126759
576389142
912457683
149265837
357948216
268713495
691832574
785694321
423571968


764152839
215398647
398746152
137825496
689471523
452639718
823564971
946217385
571983264


819326475
275148396
436579182
163295847
582734619
794681523
951462738
627813954
348957261


954123768
786495132
231768459
325917846
167384925
498652371
579231684
813546297
642879513


689123457
712465893
534987216
346219785
178356924
295874361
827541639
453698172
961732548


892314567
361587249
574269138
238146975
147953826
659872314
723698451
485731692
916425783


792134685
531286794
468795123
153648972
246973851
879512346
915327468
324869517
687451239


563124897
274598136
189637245
426379581
317856924
895412763
732945618
948761352
651283479


621345879
943187265
578296134
134759682
786432951
259618347
312874596
897561423
465923718


649123758
513678294
827945136
395412867
172586943
468397512
981764325
736259481
254831679


534127698
627389154
981654273
243891567
715436982
896275341
372968415
168542739
459713826


546172398
183549267
729368415
361425879
495837126
872916534
637284951
918653742
254791683


572136489
136489257
849527316
265714938
487693125
391258674
914375862
653842791
728961543


731245968
852369147
694187235
183476592
275931486
469528371
326854719
518793624
947612853


724136598
165289347
398457162
289743615
617925834
543618729
931872456
472561983
856394271


231546798
967128435
485793621
148659273
526387914
379412586
713265849
692834157
854971362


172534698
986127354
453869172
367481925
215796483
849352716
698273541
531948267
724615839


718423659
924165738
356798124
143259867
285674913
679381245
592846371
837512496
461937582


316245798
528197463
974386125
169534872
485721639
237869541
742918356
853672914
691453287


154326798
396178245
827495136
513284967
269751384
478639512
631547829
782963451
945812673


651238749
394176582
827549136
179364825
468925371
235817964
586493217
713652498
942781653


175234689
942168357
863579142
217843596
589627431
436915278
751486923
324791865
698352714


869213475
173456928
542789163
386174592
294538617
715962384
627395841
458621739
931847256


847213695
192564378
356897124
215489763
639725841
784136952
528671439
961342587
473958216


356412879
781396254
294587163
123865947
679243518
548179326
867921435
415638792
932754681


824153796
167289354
359467218
246835971
593741682
718926435
432598167
981674523
675312849


639124758
784356129
251978463
163482975
425697831
897513642
378269514
912745386
546831297


173245896
826193547
459786231
317458962
294671385
685932714
542369178
738514629
961827453


785132496
429658137
316749258
267381945
148597623
593426871
972815364
631974582
854263719


417523896
253869174
986471253
328194765
749256318
561387942
695738421
132945687
874612539


139425678
485167239
627389145
376254891
218976354
594831762
953718426
761542983
842693517


642137958
581492673
397658124
134265789
856749231
279381465
468923517
915876342
723514896


468123597
719456238
523798146
356981724
241567983
987342615
194875362
872639451
635214879


136425798
295178346
748396152
329781564
851264937
467539821
914852673
683947215
572613489


365214879
289357146
471698253
546189327
197523684
823746591
632475918
914832765
758961432


157324698
829561347
643897512
235419876
478236951
916785423
562978134
391642785
784153269


971325684
465189327
328674951
254917863
716238549
893456712
689741235
542893176
137562498


837124659
265739148
194568273
416293785
328475961
579681324
651347892
942816537
783952416


598213746
421576839
376984125
139867254
247195368
685342971
963758412
714629583
852431697


659123748
173458692
428679513
514362987
287591364
396847125
965234871
832716459
741985236


372145869
891326574
564879213
128794356
753261498
649538721
286953147
437612985
915487632


512348796
863719524
794562381
486153972
137296845
925487613
248675139
671934258
359821467


172436589
384592167
956178243
239741658
467385921
518629374
845213796
693857412
721964835


312456897
946178235
578239416
254713968
167895342
893642571
789321654
631584729
425967183


356124789
718539462
294786135
127468953
469351827
835297641
942813576
571642398
683975214


936154287
215738649
784269351
359641872
168327594
427985136
541892763
692573418
873416925


718236495
352419768
649587123
124963857
937852614
865174932
471395286
596728341
283641579


412356789
857194362
639728451
245681973
396572814
781943625
124869537
978235146
563417298


469213785
312587649
785694213
158476392
934852167
627139854
543761928
896325471
271948536


287134569
341569287
659278314
426981735
175643892
938752641
862417953
594326178
713895426


647123895
325698174
198574263
216839457
734256918
589417326
873961542
451782639
962345781


246137859
973458162
815926374
127645983
384719625
659283741
462371598
738592416
591864237


968213745
415678329
732459186
123964857
576182934
849537612
291846573
354791268
687325491


387125469
521469378
649387125
192638754
756294813
438751692
813972546
964513287
275846931


532416789
147398526
986527314
274683195
398154672
615279843
469731258
723845961
851962437


486123795
791465823
325789164
153942678
247658931
869371452
912836547
634517289
578294316


865123497
941675328
327849156
159437862
238961574
476582931
712358649
584796213
693214785


129436587
547182369
368597241
473821695
892765413
615349872
231678954
956214738
784953126


214358679
839671254
567294138
125946387
476835921
398127465
983512746
752469813
641783592


529134786
836725149
417698523
182463975
793851462
654279831
375982614
961347258
248516397


168325479
235497186
947618325
394271658
781563942
652984731
826749513
579132864
413856297


241536789
657198423
983472156
165724938
798361542
432859617
329645871
516287394
874913265


251436879
379185246
468279135
136952487
587314962
924768351
645891723
813527694
792643518


754123689
936485172
812697345
123746958
469358217
578219436
347862591
691574823
285931764


653127489
791384256
284569137
327916548
849235671
165748392
916473825
472851963
538692714


879142563
362579184
154386279
213458697
497621835
586937412
641795328
938264751
725813946


652314789
918257463
347689152
234176598
175892634
869435271
786921345
491563827
523748916


678123495
421569738
359487621
162345987
593871246
847296153
214638579
786954312
935712864


674213598
258749163
139586247
326497851
547138926
891625374
963872415
485961732
712354689


283154796
516279438
947683125
128396574
674521983
359748261
862915347
495837612
731462859


851243679
263179458
749568312
527431986
416895723
398627541
672914835
135786294
984352167


879152346
241369578
563784129
125647893
486931752
397528461
714896235
932415687
658273914


724315698
936748125
185629437
349287561
678153942
251496873
892534716
563971284
417862359


527314869
693258147
814697253
146523978
279846315
358179624
431782596
762935481
985461732


741326895
952718436
386594127
127489563
463275981
598631274
235847619
814963752
679152348


456123789
892457316
137869254
263784591
519632847
748915632
381296475
924578163
675341928


796213584
421587639
853469217
238645971
549178326
167392845
975834162
684921753
312756498


394172568
216485793
578693142
139824657
627351984
485769231
943216875
762538419
851947326


791234568
283576419
645819723
126397845
358462971
479158632
962781354
834625197
517943286


498213657
736584192
521697384
849362715
153479268
672158439
917846523
264935871
385721946


352146879
167289345
498375216
536924187
279851634
814763592
925418763
641537928
783692451


234516789
568279143
179438265
325187496
681942537
947653821
753864912
896721354
412395678


856123479
243796185
719485623
375219864
164857932
928634751
631972548
597348216
482561397


458216937
391457628
276839451
135792846
782164593
649583172
523648719
817925364
964371285


158243679
673159824
429768153
216897345
587634912
394521786
742916538
865372491
931485267


936214578
418537926
275689143
347152869
182963457
569478312
624895731
791346285
853721694


974125368
281376549
356498712
163542897
598763124
742981635
815234976
627819453
439657281


497125386
563487219
218369574
324716895
659248731
871593642
736954128
145872963
982631457


725314896
641298537
839576412
193865724
456723981
278149365
912437658
564981273
387652149


579132468
312648597
486579132
165783249
297415386
834926715
728391654
641857923
953264871


759213648
268475391
431896725
145638972
387129456
926547813
574361289
612984537
893752164


576132489
849576123
312948567
135624978
768391254
294857316
683415792
457269831
921783645


792134658
641528397
385769214
237941865
456387921
918652473
123876549
874295136
569413782


548213769
123697458
679458132
457132896
836974521
291865374
915346287
362781945
784529613


576124398
489356172
231789456
124563987
958472631
367918245
645891723
713245869
892637514


576142389
492358617
381796245
125839764
649517832
837624591
218973456
964285173
753461928


956312748
732548169
814769235
129483576
465197382
378256914
543621897
681975423
297834651


496123578
583467129
271859436
124398657
758612394
369574281
937246815
845731962
612985743


392417568
146258379
857639142
573194286
214863957
968572413
435726891
621985734
789341625


318426579
496357218
725891364
683275941
259184637
147639825
864912753
971563482
532748196


543127896
928463157
167859243
239546781
674918325
851372964
712694538
485231679
396785412


941235678
273618459
586479123
429163785
768954312
135782946
654897231
392541867
817326594


213456789
745289361
698371524
154693278
927548613
386127945
469715832
831962457
572834196


928143675
736259184
541687923
152438769
689572431
473961852
365794218
297815346
814326597


572146893
431289567
968357142
127435986
349678215
856921734
613592478
284713659
795864321


695124738
724358196
318679524
439216875
187593642
256487913
841935267
562741389
973862451


671243958
248569173
359781246
125436789
467928315
983157624
716895432
592374861
834612597


947152368
265348197
318796245
134627589
829534716
576819423
792483651
453961872
681275934


538612497
276394815
914587362
462138759
197456238
853279641
681923574
749865123
325741986


921534768
384176925
567298143
238961457
175482639
649357812
453819276
816723594
792645381


943125678
657348291
182796453
479263815
528419736
361587942
215674389
796831524
834952167


956132487
782546193
341789256
275861349
639475821
418923675
164297538
893654712
527318964


261348597
385179624
794562138
137495862
849236751
526817349
673984215
412753986
958621473


629134758
741258369
385679124
158467932
296513847
437892516
963725481
514986273
872341695


365412879
912857364
847693152
184235697
256789413
739146528
523968741
691374285
478521936


478132569
531469827
962785341
647321985
183594672
295678413
356247198
719856234
824913756


268314579
941572368
735896142
352147986
486259713
179638254
617423895
524981637
893765421


924135786
813674295
756289314
249517863
135846972
678392451
567428139
382961547
491753628


619234758
832157946
475698123
247861395
391425867
568379214
986513472
124786539
753942681


461235789
932187564
785469231
147328695
528691347
396754128
219543876
674812953
853976412


974312568
162485379
538679412
259164837
687253941
341798625
493821756
826547193
715936284


928143576
453276198
671859342
132498657
584637921
769521483
845362719
296714835
317985264


516237849
394158267
782496315
439715628
658329471
127864953
845972136
971643582
263581794


784125693
513496287
962378415
157263948
246859731
839714562
328647159
675981324
491532876


691324587
347185269
528697143
164753892
785249316
239861475
952416738
813972654
476538921


537124689
869573124
142698357
315249876
286751493
974386215
723865941
698417532
451932768


325164879
748529163
691783254
153976428
486215397
279348516
932457681
814692735
567831942


712345698
438269157
695718432
123657984
587924316
946183725
871432569
359876241
264591873


582143679
794562183
316789425
125896734
468237591
973415268
247958316
831674952
659321847


927314586
453286179
186759432
365127894
214968357
798543261
549632718
871495623
632871945


897142365
216359478
345678192
139427586
458936721
672815943
781293654
524761839
963584217


582137694
639428517
714569283
126894375
478351962
953276841
247983156
865712439
391645728


736152948
521498367
948376152
253817694
879643521
164529783
692781435
315264879
487935216


